# centrality: 0-20%

# particle: pi+
# pT      dN/(2pi pT dpT dy)    stat_err    sys_err
0.150    1.330758e+00    2.661516e-02    6.653790e-02
0.250    7.737151e-01    1.547430e-02    3.868575e-02
0.350    4.245159e-01    8.490318e-03    2.122579e-02
0.450    2.289164e-01    4.578328e-03    1.144582e-02
0.550    1.233456e-01    2.466913e-03    6.167282e-03
0.650    6.690282e-02    1.338056e-03    3.345141e-03
0.750    3.665043e-02    7.330086e-04    1.832521e-03
0.850    2.030390e-02    4.060779e-04    1.015195e-03
0.950    1.137666e-02    2.275333e-04    5.688332e-04
1.050    6.444486e-03    1.288897e-04    3.222243e-04
1.150    3.687745e-03    7.375489e-05    1.843872e-04
1.250    2.129762e-03    4.259524e-05    1.064881e-04
1.350    1.240175e-03    2.480350e-05    6.200874e-05
1.450    7.274705e-04    1.454941e-05    3.637352e-05
1.550    4.294949e-04    8.589898e-06    2.147474e-05
1.650    2.550224e-04    5.100448e-06    1.275112e-05
1.750    1.521891e-04    3.043784e-06    7.609457e-06
1.850    9.122619e-05    1.824525e-06    4.561310e-06
1.950    5.489923e-05    1.097986e-06    2.744961e-06
2.050    3.315390e-05    6.630789e-07    1.657695e-06
2.150    2.008453e-05    4.016916e-07    1.004227e-06
2.250    1.220131e-05    2.440273e-07    6.100657e-07
2.350    7.430975e-06    1.486205e-07    3.715487e-07
2.450    4.535961e-06    9.072022e-08    2.267980e-07

# particle: pi-
# pT      dN/(2pi pT dpT dy)    stat_err    sys_err
0.150    9.730744e-01    1.946149e-02    4.865372e-02
0.250    5.657545e-01    1.131509e-02    2.828772e-02
0.350    3.104137e-01    6.208274e-03    1.552069e-02
0.450    1.673878e-01    3.347756e-03    8.369391e-03
0.550    9.019257e-02    1.803851e-03    4.509629e-03
0.650    4.892056e-02    9.784111e-04    2.446028e-03
0.750    2.679946e-02    5.359892e-04    1.339973e-03
0.850    1.484658e-02    2.969315e-04    7.423288e-04
0.950    8.318823e-03    1.663765e-04    4.159412e-04
1.050    4.712325e-03    9.424650e-05    2.356163e-04
1.150    2.696546e-03    5.393091e-05    1.348273e-04
1.250    1.557320e-03    3.114641e-05    7.786602e-05
1.350    9.068383e-04    1.813677e-05    4.534192e-05
1.450    5.319396e-04    1.063879e-05    2.659698e-05
1.550    3.140544e-04    6.281089e-06    1.570272e-05
1.650    1.864770e-04    3.729541e-06    9.323849e-06
1.750    1.112835e-04    2.225670e-06    5.564173e-06
1.850    6.670625e-05    1.334126e-06    3.335312e-06
1.950    4.014331e-05    8.028672e-07    2.007165e-06
2.050    2.424273e-05    4.848556e-07    1.212136e-06
2.150    1.468617e-05    2.937245e-07    7.343086e-07
2.250    8.921821e-06    1.784374e-07    4.460911e-07
2.350    5.433663e-06    1.086743e-07    2.716832e-07
2.450    3.316777e-06    6.633653e-08    1.658388e-07

# particle: K+
# pT      dN/(2pi pT dpT dy)    stat_err    sys_err
0.150    3.542657e-02    7.085314e-04    1.771328e-03
0.250    2.802008e-02    5.604016e-04    1.401004e-03
0.350    2.031482e-02    4.062964e-04    1.015741e-03
0.450    1.382321e-02    2.764642e-04    6.911604e-04
0.550    9.005969e-03    1.801194e-04    4.502985e-04
0.650    5.703738e-03    1.140748e-04    2.851869e-04
0.750    3.549599e-03    7.099197e-05    1.774799e-04
0.850    2.186665e-03    4.373330e-05    1.093332e-04
0.950    1.339894e-03    2.679789e-05    6.699472e-05
1.050    8.191836e-04    1.638367e-05    4.095918e-05
1.150    5.006457e-04    1.001291e-05    2.503228e-05
1.250    3.061896e-04    6.123792e-06    1.530948e-05
1.350    1.875049e-04    3.750099e-06    9.375246e-06
1.450    1.150039e-04    2.300079e-06    5.750195e-06
1.550    7.065197e-05    1.413040e-06    3.532599e-06
1.650    4.347474e-05    8.694957e-07    2.173737e-06
1.750    2.679270e-05    5.358549e-07    1.339635e-06
1.850    1.653555e-05    3.307120e-07    8.267776e-07
1.950    1.021874e-05    2.043758e-07    5.109369e-07
2.050    6.322765e-06    1.264563e-07    3.161382e-07
2.150    3.916569e-06    7.833239e-08    1.958285e-07
2.250    2.428592e-06    4.857285e-08    1.214296e-07
2.350    1.507359e-06    3.014819e-08    7.536797e-08
2.450    9.363901e-07    1.872880e-08    4.681950e-08

# particle: K-
# pT      dN/(2pi pT dpT dy)    stat_err    sys_err
0.150    1.537403e-02    3.074805e-04    7.687013e-04
0.250    1.215984e-02    2.431968e-04    6.079920e-04
0.350    8.815999e-03    1.763200e-04    4.407999e-04
0.450    5.998841e-03    1.199768e-04    2.999420e-04
0.550    3.908310e-03    7.816620e-05    1.954155e-04
0.650    2.475244e-03    4.950489e-05    1.237622e-04
0.750    1.540415e-03    3.080830e-05    7.702075e-05
0.850    9.489443e-04    1.897889e-05    4.744722e-05
0.950    5.814724e-04    1.162945e-05    2.907362e-05
1.050    3.555002e-04    7.110004e-06    1.777501e-05
1.150    2.172646e-04    4.345293e-06    1.086323e-05
1.250    1.328767e-04    2.657535e-06    6.643836e-06
1.350    8.137129e-05    1.627427e-06    4.068564e-06
1.450    4.990810e-05    9.981631e-07    2.495405e-06
1.550    3.066075e-05    6.132161e-07    1.533038e-06
1.650    1.886668e-05    3.773346e-07    9.433340e-07
1.750    1.162719e-05    2.325449e-07    5.813597e-07
1.850    7.175914e-06    1.435193e-07    3.587957e-07
1.950    4.434614e-06    8.869327e-08    2.217307e-07
2.050    2.743883e-06    5.487865e-08    1.371941e-07
2.150    1.699669e-06    3.399438e-08    8.498345e-08
2.250    1.053933e-06    2.107967e-08    5.269667e-08
2.350    6.541470e-07    1.308394e-08    3.270735e-08
2.450    4.063641e-07    8.128282e-09    2.031820e-08

# particle: p
# pT      dN/(2pi pT dpT dy)    stat_err    sys_err
0.150    2.639811e-01    5.279621e-03    1.319905e-02
0.250    2.350036e-01    4.700072e-03    1.175018e-02
0.350    1.986171e-01    3.972343e-03    9.930857e-03
0.450    1.603761e-01    3.207523e-03    8.018807e-03
0.550    1.245788e-01    2.491576e-03    6.228940e-03
0.650    9.372808e-02    1.874562e-03    4.686404e-03
0.750    6.871779e-02    1.374356e-03    3.435889e-03
0.850    4.935019e-02    9.870037e-04    2.467509e-03
0.950    3.486089e-02    6.972178e-04    1.743044e-03
1.050    2.430095e-02    4.860189e-04    1.215047e-03
1.150    1.675742e-02    3.351484e-04    8.378711e-04
1.250    1.145216e-02    2.290432e-04    5.726080e-04
1.350    7.767148e-03    1.553430e-04    3.883574e-04
1.450    5.233415e-03    1.046683e-04    2.616708e-04
1.550    3.506015e-03    7.012030e-05    1.753008e-04
1.650    2.336866e-03    4.673733e-05    1.168433e-04
1.750    1.550542e-03    3.101083e-05    7.752708e-05
1.850    1.024627e-03    2.049254e-05    5.123134e-05
1.950    6.746180e-04    1.349236e-05    3.373090e-05
2.050    4.427071e-04    8.854144e-06    2.213536e-05
2.150    2.896548e-04    5.793098e-06    1.448274e-05
2.250    1.890056e-04    3.780114e-06    9.450282e-06
2.350    1.230292e-04    2.460585e-06    6.151461e-06
2.450    7.990555e-05    1.598112e-06    3.995277e-06

# particle: pbar
# pT      dN/(2pi pT dpT dy)    stat_err    sys_err
0.150    8.417881e-09    1.693576e-10    4.208941e-10
0.250    7.493842e-09    1.508768e-10    3.746921e-10
0.350    6.333544e-09    1.276709e-10    3.166772e-10
0.450    5.114106e-09    1.032821e-10    2.557053e-10
0.550    3.972594e-09    8.045188e-11    1.986297e-10
0.650    2.988820e-09    6.077640e-11    1.494410e-10
0.750    2.191287e-09    4.482573e-11    1.095643e-10
0.850    1.573689e-09    3.247377e-11    7.868443e-11
0.950    1.111651e-09    2.323302e-11    5.558255e-11
1.050    7.749134e-10    1.649827e-11    3.874567e-11
1.150    5.343640e-10    1.168728e-11    2.671820e-11
1.250    3.651888e-10    8.303775e-12    1.825944e-11
1.350    2.476804e-10    5.953608e-12    1.238402e-11
1.450    1.668842e-10    4.337684e-12    8.344210e-12
1.550    1.118005e-10    3.236010e-12    5.590026e-12
1.650    7.451846e-11    2.490369e-12    3.725923e-12
1.750    4.944398e-11    1.988880e-12    2.472199e-12
1.850    3.267351e-11    1.653470e-12    1.633675e-12
1.950    2.151236e-11    1.430247e-12    1.075618e-12
2.050    1.411713e-11    1.282343e-12    7.058567e-13
2.150    9.236572e-12    1.184731e-12    4.618286e-13
2.250    6.027050e-12    1.120541e-12    3.013525e-13
2.350    3.923180e-12    1.078464e-12    1.961590e-13
2.450    2.548044e-12    1.050961e-12    1.274022e-13

# particle: d
# pT      dN/(2pi pT dpT dy)    stat_err    sys_err
0.150    4.227685e-06    8.455471e-08    2.113843e-07
0.250    4.016037e-06    8.032174e-08    2.008019e-07
0.350    3.724238e-06    7.448576e-08    1.862119e-07
0.450    3.377517e-06    6.755135e-08    1.688759e-07
0.550    3.002022e-06    6.004144e-08    1.501011e-07
0.650    2.621229e-06    5.242558e-08    1.310614e-07
0.750    2.253661e-06    4.507421e-08    1.126830e-07
0.850    1.912059e-06    3.824219e-08    9.560297e-08
0.950    1.603746e-06    3.207591e-08    8.018728e-08
1.050    1.331677e-06    2.663454e-08    6.658385e-08
1.150    1.095738e-06    2.191576e-08    5.478690e-08
1.250    8.939206e-07    1.787941e-08    4.469603e-08
1.350    7.232315e-07    1.446563e-08    3.616158e-08
1.450    5.802968e-07    1.160694e-08    2.901484e-08
1.550    4.617172e-07    9.235343e-09    2.308586e-08
1.650    3.642500e-07    7.286000e-09    1.821250e-08
1.750    2.848898e-07    5.698795e-09    1.424449e-08
1.850    2.208972e-07    4.418943e-09    1.104486e-08
1.950    1.698064e-07    3.397129e-09    8.490321e-09
2.050    1.294245e-07    2.589490e-09    6.471225e-09
2.150    9.782594e-08    1.957519e-09    4.891297e-09
2.250    7.334450e-08    1.467890e-09    3.667225e-09
2.350    5.456009e-08    1.092202e-09    2.728004e-09
2.450    4.028149e-08    8.066298e-10    2.014075e-09

# particle: t
# pT      dN/(2pi pT dpT dy)    stat_err    sys_err
0.150    1.301396e-10    3.602792e-12    6.506980e-12
0.250    1.259380e-10    3.518761e-12    6.296901e-12
0.350    1.199880e-10    3.399761e-12    5.999402e-12
0.450    1.126602e-10    3.253203e-12    5.633008e-12
0.550    1.043725e-10    3.087450e-12    5.218626e-12
0.650    9.554484e-11    2.910897e-12    4.777242e-12
0.750    8.655939e-11    2.731188e-12    4.327970e-12
0.850    7.773328e-11    2.554666e-12    3.886664e-12
0.950    6.930449e-11    2.386090e-12    3.465224e-12
1.050    6.143050e-11    2.228610e-12    3.071525e-12
1.150    5.419680e-11    2.083936e-12    2.709840e-12
1.250    4.763120e-11    1.952624e-12    2.381560e-12
1.350    4.172043e-11    1.834409e-12    2.086021e-12
1.450    3.642584e-11    1.728517e-12    1.821292e-12
1.550    3.169639e-11    1.633928e-12    1.584820e-12
1.650    2.747809e-11    1.549562e-12    1.373904e-12
1.750    2.371981e-11    1.474396e-12    1.185990e-12
1.850    2.037621e-11    1.407524e-12    1.018810e-12
1.950    1.740838e-11    1.348168e-12    8.704188e-13
2.050    1.478320e-11    1.295664e-12    7.391600e-13
2.150    1.247204e-11    1.249441e-12    6.236018e-13
2.250    1.044929e-11    1.208986e-12    5.224644e-13
2.350    8.691178e-12    1.173824e-12    4.345589e-13
2.450    7.174867e-12    1.143497e-12    3.587433e-13

# particle: He3
# pT      dN/(2pi pT dpT dy)    stat_err    sys_err
0.150    7.609498e-11    2.521900e-12    3.804749e-12
0.250    7.363824e-11    2.472765e-12    3.681912e-12
0.350    7.015917e-11    2.403183e-12    3.507959e-12
0.450    6.587444e-11    2.317489e-12    3.293722e-12
0.550    6.102850e-11    2.220570e-12    3.051425e-12
0.650    5.586680e-11    2.117336e-12    2.793340e-12
0.750    5.061284e-11    2.012257e-12    2.530642e-12
0.850    4.545206e-11    1.909041e-12    2.272603e-12
0.950    4.052359e-11    1.810472e-12    2.026179e-12
1.050    3.591952e-11    1.718390e-12    1.795976e-12
1.150    3.168985e-11    1.633797e-12    1.584492e-12
1.250    2.785082e-11    1.557016e-12    1.392541e-12
1.350    2.439469e-11    1.487894e-12    1.219734e-12
1.450    2.129885e-11    1.425977e-12    1.064942e-12
1.550    1.853345e-11    1.370669e-12    9.266727e-13
1.650    1.606693e-11    1.321339e-12    8.033467e-13
1.750    1.386940e-11    1.277388e-12    6.934700e-13
1.850    1.191434e-11    1.238287e-12    5.957168e-13
1.950    1.017899e-11    1.203580e-12    5.089496e-13
2.050    8.644004e-12    1.172880e-12    4.322002e-13
2.150    7.292625e-12    1.145852e-12    3.646312e-13
2.250    6.109888e-12    1.122198e-12    3.054944e-13
2.350    5.081889e-12    1.101638e-12    2.540944e-13
2.450    4.195275e-12    1.083905e-12    2.097637e-13

# particle: He4
# pT      dN/(2pi pT dpT dy)    stat_err    sys_err
0.150    5.583658e-10    1.216732e-11    2.791829e-11
0.250    5.449409e-10    1.189882e-11    2.724705e-11
0.350    5.256668e-10    1.151334e-11    2.628334e-11
0.450    5.014834e-10    1.102967e-11    2.507417e-11
0.550    4.734992e-10    1.046998e-11    2.367496e-11
0.650    4.428944e-10    9.857887e-12    2.214472e-11
0.750    4.108274e-10    9.216548e-12    2.054137e-11
0.850    3.783563e-10    8.567126e-12    1.891782e-11
0.950    3.463803e-10    7.927605e-12    1.731901e-11
1.050    3.156061e-10    7.312122e-12    1.578030e-11
1.150    2.865381e-10    6.730762e-12    1.432690e-11
1.250    2.594881e-10    6.189762e-12    1.297440e-11
1.350    2.346000e-10    5.692000e-12    1.173000e-11
1.450    2.118829e-10    5.237657e-12    1.059414e-11
1.550    1.912474e-10    4.824948e-12    9.562371e-12
1.650    1.725409e-10    4.450817e-12    8.627043e-12
1.750    1.555774e-10    4.111548e-12    7.778870e-12
1.850    1.401625e-10    3.803251e-12    7.008127e-12
1.950    1.261106e-10    3.522212e-12    6.305531e-12
2.050    1.132561e-10    3.265121e-12    5.662804e-12
2.150    1.014591e-10    3.029181e-12    5.072954e-12
2.250    9.060690e-11    2.812138e-12    4.530345e-12
2.350    8.061222e-11    2.612244e-12    4.030611e-12
2.450    7.140931e-11    2.428186e-12    3.570466e-12


# centrality: 20-40%

# particle: pi+
# pT      dN/(2pi pT dpT dy)    stat_err    sys_err
0.150    1.544995e+00    3.089989e-02    7.724973e-02
0.250    9.343492e-01    1.868698e-02    4.671746e-02
0.350    5.335229e-01    1.067046e-02    2.667615e-02
0.450    2.986044e-01    5.972089e-03    1.493022e-02
0.550    1.664032e-01    3.328063e-03    8.320158e-03
0.650    9.301218e-02    1.860244e-03    4.650609e-03
0.750    5.233544e-02    1.046709e-03    2.616772e-03
0.850    2.969420e-02    5.938841e-04    1.484710e-03
0.950    1.700018e-02    3.400037e-04    8.500091e-04
1.050    9.821127e-03    1.964225e-04    4.910563e-04
1.150    5.723435e-03    1.144687e-04    2.861717e-04
1.250    3.362881e-03    6.725763e-05    1.681441e-04
1.350    1.990909e-03    3.981818e-05    9.954544e-05
1.450    1.186821e-03    2.373642e-05    5.934106e-05
1.550    7.119094e-04    1.423819e-05    3.559547e-05
1.650    4.294328e-04    8.588658e-06    2.147164e-05
1.750    2.603415e-04    5.206831e-06    1.301707e-05
1.850    1.585402e-04    3.170805e-06    7.927010e-06
1.950    9.693444e-05    1.938690e-06    4.846722e-06
2.050    5.948096e-05    1.189620e-06    2.974048e-06
2.150    3.661671e-05    7.323353e-07    1.830836e-06
2.250    2.260698e-05    4.521406e-07    1.130349e-06
2.350    1.399411e-05    2.798831e-07    6.997054e-07
2.450    8.683210e-06    1.736652e-07    4.341605e-07

# particle: pi-
# pT      dN/(2pi pT dpT dy)    stat_err    sys_err
0.150    1.275095e+00    2.550189e-02    6.375473e-02
0.250    7.711248e-01    1.542250e-02    3.855624e-02
0.350    4.403201e-01    8.806402e-03    2.201601e-02
0.450    2.464403e-01    4.928806e-03    1.232201e-02
0.550    1.373337e-01    2.746673e-03    6.866683e-03
0.650    7.676359e-02    1.535272e-03    3.838180e-03
0.750    4.319280e-02    8.638559e-04    2.159640e-03
0.850    2.450683e-02    4.901366e-04    1.225342e-03
0.950    1.403037e-02    2.806073e-04    7.015184e-04
1.050    8.105443e-03    1.621089e-04    4.052722e-04
1.150    4.723590e-03    9.447180e-05    2.361795e-04
1.250    2.775409e-03    5.550818e-05    1.387705e-04
1.350    1.643111e-03    3.286222e-05    8.215554e-05
1.450    9.794917e-04    1.958983e-05    4.897458e-05
1.550    5.875437e-04    1.175087e-05    2.937718e-05
1.650    3.544139e-04    7.088278e-06    1.772069e-05
1.750    2.148616e-04    4.297233e-06    1.074308e-05
1.850    1.308443e-04    2.616887e-06    6.542216e-06
1.950    8.000066e-05    1.600014e-06    4.000033e-06
2.050    4.909004e-05    9.818019e-07    2.454502e-06
2.150    3.022002e-05    6.044015e-07    1.511001e-06
2.250    1.865770e-05    3.731549e-07    9.328848e-07
2.350    1.154943e-05    2.309897e-07    5.774716e-07
2.450    7.166313e-06    1.433273e-07    3.583156e-07

# particle: K+
# pT      dN/(2pi pT dpT dy)    stat_err    sys_err
0.150    4.846968e-02    9.693936e-04    2.423484e-03
0.250    3.878378e-02    7.756757e-04    1.939189e-03
0.350    2.854638e-02    5.709277e-04    1.427319e-03
0.450    1.975448e-02    3.950896e-04    9.877239e-04
0.550    1.309392e-02    2.618785e-04    6.546962e-04
0.650    8.432445e-03    1.686489e-04    4.216222e-04
0.750    5.330839e-03    1.066168e-04    2.665419e-04
0.850    3.332182e-03    6.664365e-05    1.666091e-04
0.950    2.069627e-03    4.139254e-05    1.034813e-04
1.050    1.281483e-03    2.562966e-05    6.407415e-05
1.150    7.927182e-04    1.585437e-05    3.963591e-05
1.250    4.905598e-04    9.811197e-06    2.452799e-05
1.350    3.039338e-04    6.078676e-06    1.519669e-05
1.450    1.886122e-04    3.772244e-06    9.430608e-06
1.550    1.172606e-04    2.345214e-06    5.863031e-06
1.650    7.303829e-05    1.460767e-06    3.651914e-06
1.750    4.557749e-05    9.115508e-07    2.278874e-06
1.850    2.849154e-05    5.698317e-07    1.424577e-06
1.950    1.784024e-05    3.568058e-07    8.920119e-07
2.050    1.118806e-05    2.237622e-07    5.594029e-07
2.150    7.026324e-06    1.405275e-07    3.513162e-07
2.250    4.418488e-06    8.837077e-08    2.209244e-07
2.350    2.781938e-06    5.563977e-08    1.390969e-07
2.450    1.753515e-06    3.507130e-08    8.767574e-08

# particle: K-
# pT      dN/(2pi pT dpT dy)    stat_err    sys_err
0.150    2.724687e-02    5.449373e-04    1.362343e-03
0.250    2.180201e-02    4.360402e-04    1.090101e-03
0.350    1.604713e-02    3.209427e-04    8.023567e-04
0.450    1.110483e-02    2.220966e-04    5.552415e-04
0.550    7.360650e-03    1.472130e-04    3.680325e-04
0.650    4.740235e-03    9.480470e-05    2.370118e-04
0.750    2.996691e-03    5.993382e-05    1.498345e-04
0.850    1.873161e-03    3.746323e-05    9.365806e-05
0.950    1.163425e-03    2.326850e-05    5.817126e-05
1.050    7.203760e-04    1.440752e-05    3.601880e-05
1.150    4.456206e-04    8.912412e-06    2.228103e-05
1.250    2.757645e-04    5.515291e-06    1.378822e-05
1.350    1.708541e-04    3.417082e-06    8.542703e-06
1.450    1.060269e-04    2.120539e-06    5.301345e-06
1.550    6.591718e-05    1.318345e-06    3.295859e-06
1.650    4.105792e-05    8.211594e-07    2.052896e-06
1.750    2.562104e-05    5.124218e-07    1.281052e-06
1.850    1.601630e-05    3.203270e-07    8.008151e-07
1.950    1.002876e-05    2.005761e-07    5.014378e-07
2.050    6.289282e-06    1.257866e-07    3.144641e-07
2.150    3.949795e-06    7.899690e-08    1.974897e-07
2.250    2.483820e-06    4.967740e-08    1.241910e-07
2.350    1.563846e-06    3.127791e-08    7.819228e-08
2.450    9.857251e-07    1.971550e-08    4.928625e-08

# particle: p
# pT      dN/(2pi pT dpT dy)    stat_err    sys_err
0.150    7.535475e-02    1.507095e-03    3.767738e-03
0.250    6.735216e-02    1.347043e-03    3.367608e-03
0.350    5.722560e-02    1.144512e-03    2.861280e-03
0.450    4.648103e-02    9.296207e-04    2.324052e-03
0.550    3.631864e-02    7.263727e-04    1.815932e-03
0.650    2.747105e-02    5.494210e-04    1.373553e-03
0.750    2.023211e-02    4.046423e-04    1.011606e-03
0.850    1.458292e-02    2.916584e-04    7.291461e-04
0.950    1.033107e-02    2.066215e-04    5.165536e-04
1.050    7.218591e-03    1.443718e-04    3.609296e-04
1.150    4.988359e-03    9.976718e-05    2.494179e-04
1.250    3.416536e-03    6.833072e-05    1.708268e-04
1.350    2.322991e-03    4.645981e-05    1.161495e-04
1.450    1.569947e-03    3.139894e-05    7.849735e-05
1.550    1.055639e-03    2.111279e-05    5.278197e-05
1.650    7.067449e-04    1.413490e-05    3.533725e-05
1.750    4.713909e-04    9.427818e-06    2.356954e-05
1.850    3.133832e-04    6.267664e-06    1.566916e-05
1.950    2.077371e-04    4.154743e-06    1.038686e-05
2.050    1.373526e-04    2.747053e-06    6.867631e-06
2.150    9.060746e-05    1.812150e-06    4.530373e-06
2.250    5.964839e-05    1.192969e-06    2.982419e-06
2.350    3.919510e-05    7.839030e-07    1.959755e-06
2.450    2.571243e-05    5.142495e-07    1.285621e-06

# particle: pbar
# pT      dN/(2pi pT dpT dy)    stat_err    sys_err
0.150    1.362175e-07    2.725350e-09    6.810876e-09
0.250    1.217514e-07    2.436027e-09    6.087568e-09
0.350    1.034458e-07    2.069915e-09    5.172288e-09
0.450    8.402298e-08    1.681460e-09    4.201149e-09
0.550    6.565259e-08    1.314052e-09    3.282629e-09
0.650    4.965896e-08    9.941791e-10    2.482948e-09
0.750    3.657325e-08    7.324650e-10    1.828663e-09
0.850    2.636130e-08    5.282260e-10    1.318065e-09
0.950    1.867531e-08    3.745061e-10    9.337653e-10
1.050    1.304893e-08    2.619785e-10    6.524463e-10
1.150    9.017372e-09    1.813474e-10    4.508686e-10
1.250    6.176015e-09    1.245203e-10    3.088007e-10
1.350    4.199231e-09    8.498462e-11    2.099615e-10
1.450    2.837967e-09    5.775933e-11    1.418983e-10
1.550    1.908262e-09    3.916523e-11    9.541308e-11
1.650    1.277571e-09    2.655142e-11    6.387855e-11
1.750    8.521253e-10    1.804251e-11    4.260627e-11
1.850    5.664975e-10    1.232995e-11    2.832487e-11
1.950    3.755229e-10    8.510457e-12    1.877614e-11
2.050    2.482900e-10    5.965800e-12    1.241450e-11
2.150    1.637896e-10    4.275792e-12    8.189479e-12
2.250    1.078254e-10    3.156508e-12    5.391269e-12
2.350    7.085233e-11    2.417047e-12    3.542616e-12
2.450    4.647992e-11    1.929598e-12    2.323996e-12

# particle: d
# pT      dN/(2pi pT dpT dy)    stat_err    sys_err
0.150    2.354531e-06    4.709163e-08    1.177266e-07
0.250    2.241913e-06    4.483927e-08    1.120957e-07
0.350    2.085537e-06    4.171174e-08    1.042769e-07
0.450    1.897975e-06    3.796051e-08    9.489877e-08
0.550    1.692589e-06    3.385277e-08    8.462943e-08
0.650    1.481797e-06    2.963695e-08    7.408987e-08
0.750    1.275879e-06    2.551857e-08    6.379393e-08
0.850    1.082394e-06    2.164889e-08    5.411971e-08
0.950    9.061776e-07    1.812455e-08    4.530888e-08
1.050    7.496935e-07    1.499487e-08    3.748468e-08
1.150    6.135785e-07    1.227257e-08    3.067893e-08
1.250    4.972003e-07    9.945006e-09    2.486001e-08
1.350    3.991410e-07    7.983820e-09    1.995705e-08
1.450    3.175672e-07    6.352345e-09    1.587836e-08
1.550    2.504872e-07    5.010745e-09    1.252436e-08
1.650    1.959158e-07    3.919316e-09    9.795790e-09
1.750    1.519728e-07    3.040456e-09    7.598639e-09
1.850    1.169368e-07    2.339735e-09    5.846838e-09
1.950    8.927041e-08    1.786408e-09    4.463521e-09
2.050    6.762814e-08    1.353563e-09    3.381407e-09
2.150    5.085269e-08    1.018054e-09    2.542635e-09
2.250    3.796475e-08    7.602950e-10    1.898238e-09
2.350    2.814810e-08    5.639620e-10    1.407405e-09
2.450    2.073228e-08    4.156455e-10    1.036614e-09

# particle: t
# pT      dN/(2pi pT dpT dy)    stat_err    sys_err
0.150    1.394089e-10    3.788178e-12    6.970445e-12
0.250    1.351888e-10    3.703777e-12    6.759442e-12
0.350    1.291803e-10    3.583605e-12    6.459013e-12
0.450    1.217249e-10    3.434497e-12    6.086243e-12
0.550    1.132136e-10    3.264272e-12    5.660681e-12
0.650    1.040469e-10    3.080938e-12    5.202345e-12
0.750    9.459915e-11    2.891983e-12    4.729957e-12
0.850    8.519284e-11    2.703857e-12    4.259642e-12
0.950    7.608341e-11    2.521668e-12    3.804171e-12
1.050    6.745510e-11    2.349102e-12    3.372755e-12
1.150    5.942541e-11    2.188508e-12    2.971270e-12
1.250    5.205546e-11    2.041109e-12    2.602773e-12
1.350    4.536300e-11    1.907260e-12    2.268150e-12
1.450    3.933553e-11    1.786711e-12    1.966776e-12
1.550    3.394174e-11    1.678835e-12    1.697087e-12
1.650    2.914047e-11    1.582809e-12    1.457024e-12
1.750    2.488683e-11    1.497737e-12    1.244342e-12
1.850    2.113590e-11    1.422718e-12    1.056795e-12
1.950    1.784463e-11    1.356893e-12    8.922314e-13
2.050    1.497240e-11    1.299448e-12    7.486202e-13
2.150    1.248104e-11    1.249621e-12    6.240518e-13
2.250    1.033439e-11    1.206688e-12    5.167195e-13
2.350    8.498068e-12    1.169961e-12    4.249034e-13
2.450    6.939198e-12    1.138784e-12    3.469599e-13

# particle: He3
# pT      dN/(2pi pT dpT dy)    stat_err    sys_err
0.150    7.672781e-11    2.534556e-12    3.836390e-12
0.250    7.440517e-11    2.488103e-12    3.720259e-12
0.350    7.109817e-11    2.421963e-12    3.554909e-12
0.450    6.699487e-11    2.339897e-12    3.349743e-12
0.550    6.231046e-11    2.246209e-12    3.115523e-12
0.650    5.726528e-11    2.145306e-12    2.863264e-12
0.750    5.206544e-11    2.041309e-12    2.603272e-12
0.850    4.688839e-11    1.937768e-12    2.344420e-12
0.950    4.187475e-11    1.837495e-12    2.093738e-12
1.050    3.712591e-11    1.742518e-12    1.856295e-12
1.150    3.270653e-11    1.654131e-12    1.635326e-12
1.250    2.865026e-11    1.573005e-12    1.432513e-12
1.350    2.496687e-11    1.499337e-12    1.248343e-12
1.450    2.164947e-11    1.432989e-12    1.082473e-12
1.550    1.868084e-11    1.373617e-12    9.340419e-13
1.650    1.603832e-11    1.320766e-12    8.019160e-13
1.750    1.369720e-11    1.273944e-12    6.848602e-13
1.850    1.163277e-11    1.232655e-12    5.816384e-13
1.950    9.821318e-12    1.196426e-12    4.910659e-13
2.050    8.240505e-12    1.164810e-12    4.120252e-13
2.150    6.869306e-12    1.137386e-12    3.434653e-13
2.250    5.687836e-12    1.113757e-12    2.843918e-13
2.350    4.677162e-12    1.093543e-12    2.338581e-13
2.450    3.819193e-12    1.076384e-12    1.909596e-13

# particle: He4
# pT      dN/(2pi pT dpT dy)    stat_err    sys_err
0.150    1.329873e-10    3.659747e-12    6.649367e-12
0.250    1.300169e-10    3.600338e-12    6.500845e-12
0.350    1.257358e-10    3.514717e-12    6.286792e-12
0.450    1.203356e-10    3.406712e-12    6.016781e-12
0.550    1.140440e-10    3.280880e-12    5.702201e-12
0.650    1.071064e-10    3.142129e-12    5.355322e-12
0.750    9.976761e-11    2.995352e-12    4.988380e-12
0.850    9.225555e-11    2.845111e-12    4.612778e-12
0.950    8.476933e-11    2.695387e-12    4.238466e-12
1.050    7.747132e-11    2.549426e-12    3.873566e-12
1.150    7.048406e-11    2.409681e-12    3.524203e-12
1.250    6.389101e-11    2.277820e-12    3.194550e-12
1.350    5.774054e-11    2.154811e-12    2.887027e-12
1.450    5.205186e-11    2.041037e-12    2.602593e-12
1.550    4.682185e-11    1.936437e-12    2.341092e-12
1.650    4.203192e-11    1.840638e-12    2.101596e-12
1.750    3.765422e-11    1.753084e-12    1.882711e-12
1.850    3.365666e-11    1.673133e-12    1.682833e-12
1.950    3.000671e-11    1.600134e-12    1.500335e-12
2.050    2.667387e-11    1.533477e-12    1.333693e-12
2.150    2.363105e-11    1.472621e-12    1.181553e-12
2.250    2.085507e-11    1.417101e-12    1.042753e-12
2.350    1.832643e-11    1.366529e-12    9.163215e-13
2.450    1.602880e-11    1.320576e-12    8.014399e-13


# centrality: 40-80%

# particle: pi+
# pT      dN/(2pi pT dpT dy)    stat_err    sys_err
0.150    1.802704e+00    3.605408e-02    9.013519e-02
0.250    1.126551e+00    2.253101e-02    5.632754e-02
0.350    6.645224e-01    1.329045e-02    3.322612e-02
0.450    3.829948e-01    7.659896e-03    1.914974e-02
0.550    2.189304e-01    4.378607e-03    1.094652e-02
0.650    1.250352e-01    2.500703e-03    6.251758e-03
0.750    7.162175e-02    1.432435e-03    3.581087e-03
0.850    4.123321e-02    8.246643e-04    2.061661e-03
0.950    2.388418e-02    4.776837e-04    1.194209e-03
1.050    1.392669e-02    2.785338e-04    6.963344e-04
1.150    8.175443e-03    1.635089e-04    4.087722e-04
1.250    4.831139e-03    9.662278e-05    2.415569e-04
1.350    2.873070e-03    5.746140e-05    1.436535e-04
1.450    1.718882e-03    3.437764e-05    8.594409e-05
1.550    1.034124e-03    2.068247e-05    5.170618e-05
1.650    6.253754e-04    1.250751e-05    3.126877e-05
1.750    3.799854e-04    7.599710e-06    1.899927e-05
1.850    2.318853e-04    4.637707e-06    1.159426e-05
1.950    1.420666e-04    2.841332e-06    7.103328e-06
2.050    8.735097e-05    1.747020e-06    4.367549e-06
2.150    5.388384e-05    1.077678e-06    2.694192e-06
2.250    3.333768e-05    6.667545e-07    1.666884e-06
2.350    2.068150e-05    4.136310e-07    1.034075e-06
2.450    1.286159e-05    2.572328e-07    6.430795e-07

# particle: pi-
# pT      dN/(2pi pT dpT dy)    stat_err    sys_err
0.150    1.601225e+00    3.202451e-02    8.006127e-02
0.250    1.000642e+00    2.001284e-02    5.003211e-02
0.350    5.902523e-01    1.180505e-02    2.951262e-02
0.450    3.401895e-01    6.803790e-03    1.700948e-02
0.550    1.944617e-01    3.889234e-03    9.723085e-03
0.650    1.110606e-01    2.221213e-03    5.553032e-03
0.750    6.361697e-02    1.272339e-03    3.180849e-03
0.850    3.662480e-02    7.324960e-04    1.831240e-03
0.950    2.121478e-02    4.242955e-04    1.060739e-03
1.050    1.237018e-02    2.474035e-04    6.185088e-04
1.150    7.261718e-03    1.452344e-04    3.630859e-04
1.250    4.291188e-03    8.582377e-05    2.145594e-04
1.350    2.551963e-03    5.103925e-05    1.275981e-04
1.450    1.526772e-03    3.053543e-05    7.633858e-05
1.550    9.185451e-04    1.837090e-05    4.592726e-05
1.650    5.554806e-04    1.110961e-05    2.777403e-05
1.750    3.375165e-04    6.750331e-06    1.687583e-05
1.850    2.059687e-04    4.119375e-06    1.029844e-05
1.950    1.261886e-04    2.523772e-06    6.309428e-06
2.050    7.758822e-05    1.551765e-06    3.879411e-06
2.150    4.786153e-05    9.572316e-07    2.393077e-06
2.250    2.961170e-05    5.922351e-07    1.480585e-06
2.350    1.837004e-05    3.674018e-07    9.185020e-07
2.450    1.142412e-05    2.284834e-07    5.712059e-07

# particle: K+
# pT      dN/(2pi pT dpT dy)    stat_err    sys_err
0.150    6.545574e-02    1.309115e-03    3.272787e-03
0.250    5.281154e-02    1.056231e-03    2.640577e-03
0.350    3.928240e-02    7.856479e-04    1.964120e-03
0.450    2.749303e-02    5.498606e-04    1.374652e-03
0.550    1.842395e-02    3.684790e-04    9.211975e-04
0.650    1.198214e-02    2.396427e-04    5.991068e-04
0.750    7.637837e-03    1.527567e-04    3.818918e-04
0.850    4.805690e-03    9.611380e-05    2.402845e-04
0.950    2.999481e-03    5.998963e-05    1.499741e-04
1.050    1.863552e-03    3.727105e-05    9.317762e-05
1.150    1.155243e-03    2.310486e-05    5.776215e-05
1.250    7.157128e-04    1.431426e-05    3.578564e-05
1.350    4.436066e-04    8.872133e-06    2.218033e-05
1.450    2.752604e-04    5.505208e-06    1.376302e-05
1.550    1.710611e-04    3.421222e-06    8.553053e-06
1.650    1.064915e-04    2.129830e-06    5.324573e-06
1.750    6.641617e-05    1.328324e-06    3.320809e-06
1.850    4.149843e-05    8.299696e-07    2.074922e-06
1.950    2.597578e-05    5.195166e-07    1.298789e-06
2.050    1.628738e-05    3.257486e-07    8.143690e-07
2.150    1.022914e-05    2.045837e-07    5.114568e-07
2.250    6.434103e-06    1.286831e-07    3.217052e-07
2.350    4.052791e-06    8.105683e-08    2.026396e-07
2.450    2.556201e-06    5.112502e-08    1.278100e-07

# particle: K-
# pT      dN/(2pi pT dpT dy)    stat_err    sys_err
0.150    4.453115e-02    8.906230e-04    2.226558e-03
0.250    3.592899e-02    7.185798e-04    1.796450e-03
0.350    2.672478e-02    5.344957e-04    1.336239e-03
0.450    1.870419e-02    3.740837e-04    9.352094e-04
0.550    1.253427e-02    2.506854e-04    6.267134e-04
0.650    8.151743e-03    1.630349e-04    4.075871e-04
0.750    5.196209e-03    1.039242e-04    2.598104e-04
0.850    3.269429e-03    6.538859e-05    1.634715e-04
0.950    2.040621e-03    4.081242e-05    1.020310e-04
1.050    1.267821e-03    2.535641e-05    6.339103e-05
1.150    7.859403e-04    1.571881e-05    3.929702e-05
1.250    4.869170e-04    9.738342e-06    2.434585e-05
1.350    3.017965e-04    6.035931e-06    1.508982e-05
1.450    1.872664e-04    3.745329e-06    9.363321e-06
1.550    1.163771e-04    2.327542e-06    5.818853e-06
1.650    7.244876e-05    1.448976e-06    3.622438e-06
1.750    4.518456e-05    9.036921e-07    2.259228e-06
1.850    2.823240e-05    5.646491e-07    1.411620e-06
1.950    1.767196e-05    3.534403e-07    8.835981e-07
2.050    1.108071e-05    2.216151e-07    5.540353e-07
2.150    6.959134e-06    1.391837e-07    3.479567e-07
2.250    4.377279e-06    8.754658e-08    2.188639e-07
2.350    2.757214e-06    5.514528e-08    1.378607e-07
2.450    1.739046e-06    3.478193e-08    8.695232e-08

# particle: p
# pT      dN/(2pi pT dpT dy)    stat_err    sys_err
0.150    8.212622e-02    1.642524e-03    4.106311e-03
0.250    7.350726e-02    1.470145e-03    3.675363e-03
0.350    6.255747e-02    1.251149e-03    3.127873e-03
0.450    5.088439e-02    1.017688e-03    2.544220e-03
0.550    3.979028e-02    7.958056e-04    1.989514e-03
0.650    3.009003e-02    6.018006e-04    1.504501e-03
0.750    2.212826e-02    4.425652e-04    1.106413e-03
0.850    1.590482e-02    3.180964e-04    7.952409e-04
0.950    1.122141e-02    2.244283e-04    5.610706e-04
1.050    7.799732e-03    1.559946e-04    3.899866e-04
1.150    5.356927e-03    1.071385e-04    2.678464e-04
1.250    3.644129e-03    7.288259e-05    1.822065e-04
1.350    2.460014e-03    4.920027e-05    1.230007e-04
1.450    1.650419e-03    3.300839e-05    8.252097e-05
1.550    1.101717e-03    2.203434e-05    5.508584e-05
1.650    7.324169e-04    1.464834e-05    3.662085e-05
1.750    4.852514e-04    9.705028e-06    2.426257e-05
1.850    3.205794e-04    6.411590e-06    1.602897e-05
1.950    2.112783e-04    4.225566e-06    1.056391e-05
2.050    1.389554e-04    2.779108e-06    6.947769e-06
2.150    9.122608e-05    1.824523e-06    4.561304e-06
2.250    5.979783e-05    1.195958e-06    2.989892e-06
2.350    3.914327e-05    7.828664e-07    1.957164e-06
2.450    2.559195e-05    5.118400e-07    1.279598e-06

# particle: pbar
# pT      dN/(2pi pT dpT dy)    stat_err    sys_err
0.150    4.868027e-07    9.737054e-09    2.434013e-08
0.250    4.357139e-07    8.715277e-09    2.178569e-08
0.350    3.708090e-07    7.417181e-09    1.854045e-08
0.450    3.016170e-07    6.033339e-09    1.508085e-08
0.550    2.358567e-07    4.718133e-09    1.179283e-08
0.650    1.783585e-07    3.568169e-09    8.917923e-09
0.750    1.311651e-07    2.624302e-09    6.558256e-09
0.850    9.427572e-08    1.886514e-09    4.713786e-09
0.950    6.651486e-08    1.331297e-09    3.325743e-09
1.050    4.623287e-08    9.256574e-10    2.311643e-09
1.150    3.175316e-08    6.360631e-10    1.587658e-09
1.250    2.160056e-08    4.330111e-10    1.080028e-09
1.350    1.458172e-08    2.926343e-10    7.290858e-10
1.450    9.782852e-09    1.966570e-10    4.891426e-10
1.550    6.530420e-09    1.316084e-10    3.265210e-10
1.650    4.341397e-09    8.782794e-11    2.170699e-10
1.750    2.876325e-09    5.852649e-11    1.438162e-10
1.850    1.900233e-09    3.900466e-11    9.501164e-11
1.950    1.252351e-09    2.604701e-11    6.261754e-11
2.050    8.236572e-10    1.747314e-11    4.118286e-11
2.150    5.407421e-10    1.181484e-11    2.703710e-11
2.250    3.544513e-10    8.089026e-12    1.772257e-11
2.350    2.320215e-10    5.640430e-12    1.160108e-11
2.450    1.516961e-10    4.033923e-12    7.584807e-12

# particle: d
# pT      dN/(2pi pT dpT dy)    stat_err    sys_err
0.150    4.603475e-06    9.207050e-08    2.301737e-07
0.250    4.385685e-06    8.771470e-08    2.192842e-07
0.350    4.081802e-06    8.163704e-08    2.040901e-07
0.450    3.715056e-06    7.430213e-08    1.857528e-07
0.550    3.310663e-06    6.621425e-08    1.655331e-07
0.650    2.892721e-06    5.785542e-08    1.446360e-07
0.750    2.481883e-06    4.963866e-08    1.240942e-07
0.850    2.094034e-06    4.188168e-08    1.047017e-07
0.950    1.739937e-06    3.479974e-08    8.699686e-08
1.050    1.425627e-06    2.851353e-08    7.128133e-08
1.150    1.153233e-06    2.306565e-08    5.766164e-08
1.250    9.219756e-07    1.844051e-08    4.609878e-08
1.350    7.291255e-07    1.458351e-08    3.645627e-08
1.450    5.708166e-07    1.141733e-08    2.854083e-08
1.550    4.426739e-07    8.854478e-09    2.213370e-08
1.650    3.402558e-07    6.806116e-09    1.701279e-08
1.750    2.593413e-07    5.187827e-09    1.296707e-08
1.850    1.960966e-07    3.922931e-09    9.804828e-09
1.950    1.471537e-07    2.944075e-09    7.357687e-09
2.050    1.096315e-07    2.193631e-09    5.481576e-09
2.150    8.111741e-08    1.623348e-09    4.055870e-09
2.250    5.962837e-08    1.193567e-09    2.981418e-09
2.350    4.356053e-08    8.722107e-10    2.178027e-09
2.450    3.163530e-08    6.337059e-10    1.581765e-09

# particle: t
# pT      dN/(2pi pT dpT dy)    stat_err    sys_err
0.150    4.794574e-10    1.058915e-11    2.397287e-11
0.250    4.654406e-10    1.030881e-11    2.327203e-11
0.350    4.453819e-10    9.907639e-12    2.226910e-11
0.450    4.203210e-10    9.406420e-12    2.101605e-11
0.550    3.914664e-10    8.829328e-12    1.957332e-11
0.650    3.600828e-10    8.201656e-12    1.800414e-11
0.750    3.273881e-10    7.547763e-12    1.636941e-11
0.850    2.944729e-10    6.889458e-12    1.472365e-11
0.950    2.622477e-10    6.244953e-12    1.311238e-11
1.050    2.314195e-10    5.628390e-12    1.157098e-11
1.150    2.024933e-10    5.049866e-12    1.012466e-11
1.250    1.757907e-10    4.515814e-12    8.789535e-12
1.350    1.514798e-10    4.029596e-12    7.573991e-12
1.450    1.296082e-10    3.592165e-12    6.480412e-12
1.550    1.101350e-10    3.202700e-12    5.506749e-12
1.650    9.295791e-11    2.859158e-12    4.647895e-12
1.750    7.793578e-11    2.558716e-12    3.896789e-12
1.850    6.490461e-11    2.298092e-12    3.245230e-12
1.950    5.368936e-11    2.073787e-12    2.684468e-12
2.050    4.411200e-11    1.882240e-12    2.205600e-12
2.150    3.599694e-11    1.719939e-12    1.799847e-12
2.250    2.917469e-11    1.583494e-12    1.458735e-12
2.350    2.348449e-11    1.469690e-12    1.174225e-12
2.450    1.877606e-11    1.375521e-12    9.388032e-13

# particle: He3
# pT      dN/(2pi pT dpT dy)    stat_err    sys_err
0.150    2.543642e-10    6.087284e-12    1.271821e-11
0.250    2.469279e-10    5.938559e-12    1.234640e-11
0.350    2.362863e-10    5.725726e-12    1.181432e-11
0.450    2.229909e-10    5.459817e-12    1.114954e-11
0.550    2.076828e-10    5.153655e-12    1.038414e-11
0.650    1.910330e-10    4.820659e-12    9.551648e-12
0.750    1.736876e-10    4.473753e-12    8.684382e-12
0.850    1.562253e-10    4.124506e-12    7.811264e-12
0.950    1.391290e-10    3.782580e-12    6.956449e-12
1.050    1.227739e-10    3.455477e-12    6.138693e-12
1.150    1.074278e-10    3.148556e-12    5.371389e-12
1.250    9.326138e-11    2.865228e-12    4.663069e-12
1.350    8.036385e-11    2.607277e-12    4.018193e-12
1.450    6.876043e-11    2.375209e-12    3.438022e-12
1.550    5.842938e-11    2.168588e-12    2.921469e-12
1.650    4.931651e-11    1.986330e-12    2.465825e-12
1.750    4.134689e-11    1.826938e-12    2.067345e-12
1.850    3.443353e-11    1.688671e-12    1.721676e-12
1.950    2.848355e-11    1.569671e-12    1.424178e-12
2.050    2.340253e-11    1.468051e-12    1.170126e-12
2.150    1.909728e-11    1.381946e-12    9.548640e-13
2.250    1.547791e-11    1.309558e-12    7.738954e-13
2.350    1.245911e-11    1.249182e-12    6.229557e-13
2.450    9.961174e-12    1.199223e-12    4.980587e-13

# particle: He4
# pT      dN/(2pi pT dpT dy)    stat_err    sys_err
0.150    3.894977e-10    8.789953e-12    1.947488e-11
0.250    3.812545e-10    8.625090e-12    1.906273e-11
0.350    3.693272e-10    8.386544e-12    1.846636e-11
0.450    3.541987e-10    8.083973e-12    1.770993e-11
0.550    3.364487e-10    7.728973e-12    1.682243e-11
0.650    3.167096e-10    7.334193e-12    1.583548e-11
0.750    2.956228e-10    6.912456e-12    1.478114e-11
0.850    2.737987e-10    6.475974e-12    1.368993e-11
0.950    2.517865e-10    6.035729e-12    1.258932e-11
1.050    2.300526e-10    5.601052e-12    1.150263e-11
1.150    2.089705e-10    5.179411e-12    1.044853e-11
1.250    1.888196e-10    4.776393e-12    9.440982e-12
1.350    1.697915e-10    4.395831e-12    8.489576e-12
1.450    1.520018e-10    4.040036e-12    7.600089e-12
1.550    1.355043e-10    3.710085e-12    6.775213e-12
1.650    1.203059e-10    3.406119e-12    6.015297e-12
1.750    1.063808e-10    3.127616e-12    5.319040e-12
1.850    9.368140e-11    2.873628e-12    4.684070e-12
1.950    8.214811e-11    2.642962e-12    4.107405e-12
2.050    7.171546e-11    2.434309e-12    3.585773e-12
2.150    6.231638e-11    2.246328e-12    3.115819e-12
2.250    5.388443e-11    2.077689e-12    2.694221e-12
2.350    4.635482e-11    1.927096e-12    2.317741e-12
2.450    3.966460e-11    1.793292e-12    1.983230e-12

