0  0  309.936  0.102083   0.000292073   0.240915   0.890828   0.00577012   0.0629773
0  1  133.947  0.115023   0.000146842   0.161367   0.86241   0.0102463   0.0646711
0  2  50.7628  0.140662   0.000641485   0.0482226   0.791138   0.0136159   0.0830633
0  3  22.023  0.163084   0.000371331   0.0412396   0.69975   0.0170992   0.122212
0  4  13.22  0.168975   0.000351081   0.0580235   0.660436   0.0193906   0.163595
0  5  8.09947  0.172374   0.000376995   0.0687752   0.623897   0.0209616   0.203256
1  0  334.885  0.101725   0.000274904   0.151793   0.876963   0.00570237   0.0422353
1  1  131.15  0.118409   2.82478e-06   0.116086   0.839797   0.00915521   0.0872998
1  2  45.6416  0.14868   0.000432246   0.0912962   0.732497   0.0131524   0.140252
1  3  23.0379  0.163383   0.000279804   0.235629   0.658712   0.016182   0.168862
1  4  13.7988  0.169256   0.000271584   0.0498385   0.612662   0.0183842   0.154748
1  5  8.56797  0.171723   0.000300031   0.0676414   0.580551   0.0201015   0.205449
2  0  479.139  0.106595   6.44637e-05   0.182285   0.77686   0.00153567   0.0219726
2  1  144.759  0.119268   0.000111616   0.266444   0.74456   0.00248529   0.183379
2  2  40.2031  0.139346   0.000201142   0.197444   0.688608   0.00447056   0.0646825
2  3  16.4886  0.151693   0.000263159   0.231042   0.640202   0.00589916   0.177537
2  4  5.91355  0.170934   0.000120674   0.20966   0.573713   0.0094658   0.155003
2  5  4.94193  0.158086   0.00803003   0.212409   0.576268   0.00708745   0.202531
3  0  255.534  0.107046   8.58987e-05   0.262659   0.755965   0.00224839   0.110393
3  1  56.2214  0.127646   0.000125156   0.118331   0.69483   0.00320218   0.0545422
3  2  22.3732  0.139293   0.000201565   0.237054   0.629339   0.0052992   0.172716
3  3  9.39483  0.151314   0.0112633   0.207959   0.561226   0.00760895   0.103838
3  4  4.72032  0.162417   0.00263012   0.187001   0.435975   0.00720496   0.144296
3  5  2.94501  0.15938   0.00201083   0.0869359   0.464024   0.00762758   0.112746
4  0  40449.3  0.110831   0.000101881   0.281628   0.706418   0.0033365   0.141315
4  1  8659.01  0.122376   0.000146431   0.219965   0.680988   0.00440482   0.0997868
4  2  1515.75  0.141847   0.000230123   0.095303   0.630836   0.00631028   0.0222553
4  3  507.883  0.155489   0.000270031   0.150303   0.588954   0.00724432   0.0967399
4  4  249.472  0.160429   0.00026256   0.278942   0.55983   0.00714685   0.153545
4  5  134.967  0.162654   0.000236988   0.117973   0.535431   0.00662333   0.128464
5  0  445.857  0.109198   0.000267148   0.265813   0.711631   0.0111423   0.212807
5  1  105.747  0.123307   0.000381026   0.243223   0.642206   0.0106614   0.221235
5  2  23.5039  0.156942   0.000518302   0.183836   0.553398   0.0135591   0.153638
5  3  9.93295  0.173392   0.000571072   0.185785   0.450137   0.0150752   0.28531
5  4  6.15248  0.170094   0.000556354   0.178075   0.355352   0.0153829   0.142212
5  5  4.1432  0.165714   0.000531543   0.153782   0.298139   0.0156046   0.626543
