0  0  237.229  0.113325   1.2216e-05   0.899933   4.43513e-05
0  1  101.682  0.127561   2.74194e-05   0.899433   0.000110399
0  2  42.641  0.149875   0.000250696   0.845805   0.019634
0  3  23.1124  0.160653   0.000280033   0.770737   0.0221993
0  4  12.9246  0.170544   0.000304747   0.729707   0.0240831
0  5  7.98648  0.173239   0.000136356   0.64776   0.00140839
1  0  252.195  0.113311   1.31911e-05   0.8999   4.89593e-05
1  1  107.364  0.127646   0.000160989   0.898609   0.0153024
1  2  44.1642  0.150619   0.000237879   0.795098   0.0179194
1  3  24.202  0.160822   0.000239089   0.730241   0.0200797
1  4  14.3975  0.166931   0.000252655   0.664981   0.0218988
1  5  9.31584  0.167048   0.000287459   0.650474   0.0233764
2  0  479.139  0.10751   0.0957037   0.824555   1.55803
2  1  144.759  0.119985   0.000163866   0.787451   0.00478607
2  2  40.2031  0.139766   0.000229503   0.724662   0.00631271
2  3  16.4886  0.151948   0.00130138   0.66945   0.00767441
2  4  8.74014  0.150897   0.00687473   0.638302   0.00773907
2  5  4.94193  0.158314   0.00370811   0.598769   0.00795873
3  0  255.534  0.107802   0.000132785   0.800731   0.00473364
3  1  73.3028  0.122745   0.000155882   0.722176   0.0051006
3  2  22.3732  0.139601   0.000214043   0.658841   0.00667612
3  3  9.39483  0.15681   0.00507536   0.508906   0.00847948
3  4  5.10286  0.162556   0.00234495   0.446416   0.0077472
3  5  2.78248  0.158304   0.00196587   0.66   0.00798833
4  0  43552.8  0.110343   0.000141215   0.743645   0.00564225
4  1  8659  0.123515   0.000177221   0.709167   0.00640583
4  2  1515.75  0.143733   0.000248964   0.654713   0.00797525
4  3  507.883  0.155694   0.00028167   0.609399   0.00862497
4  4  249.472  0.160585   0.000270518   0.577533   0.00826891
4  5  134.967  0.162775   0.000243261   0.550968   0.00753265
5  0  445.857  0.108987   0.000336662   0.757081   0.0192794
5  1  105.747  0.124885   0.000407945   0.657182   0.0137071
5  2  23.5039  0.156688   0.00053142   0.568271   0.0160089
5  3  9.93295  0.173196   0.000573069   0.458162   0.0169565
5  4  6.15248  0.170078   0.000556033   0.359474   0.0168353
5  5  3.4451  0.172128   0.000530545   0.24054   0.0167131
