0  0  1252.6  1239.92   12.6797
0  1  773.96  782.755   8.79538
0  2  525.466  536.458   10.9921
0  3  349.646  355.279   5.6325
0  4  232.392  236.954   4.56137
0  5  150.753  152.188   1.4358
1  0  1318.43  1317.57   0.861989
1  1  812.631  828.084   15.4534
1  2  550.364  558.967   8.60266
1  3  365.645  370.759   5.11444
1  4  242.6  245.031   2.43031
1  5  156.986  158.526   1.53996
2  0  159.749  162.627   2.87826
2  1  93.4041  93.5125   0.108409
2  2  58.8884  58.7843   0.104094
2  3  36.7349  36.1469   0.587936
2  4  22.6041  18.0269   4.57715
2  5  13.4847  12.7505   0.734174
3  0  82.4207  86.2485   3.82775
3  1  47.9701  50.8267   2.85657
3  2  30.6613  30.6802   0.0189034
3  3  19.1743  21.5314   2.35706
3  4  12.018  13.5998   1.58179
3  5  7.33938  7.49721   0.157822
4  0  551.02  546.599   4.42051
4  1  317.964  315.141   2.82284
4  2  200.84  198.741   2.09876
4  3  123.531  121.98   1.5513
4  4  75.3097  74.1272   1.18256
4  5  44.3793  43.4698   0.909522
5  0  4.83867  4.98719   0.148526
5  1  3.85925  4.04066   0.181409
5  2  3.10584  5.7143   2.60846
5  3  2.4085  4.72254   2.31404
5  4  1.8411  2.3404   0.499303
5  5  1.34725  1.3171   0.0301508
