0  0  0.113356  0.825  206.624   319.426   29035.2
0  1  0.127646  0.77  89.2981   96.5063   5772.67
0  2  0.150619  0.66  37.1398   26.8021   1010.5
0  3  0.164905  0.561  18.9714   10.9924   338.589
0  4  0.171066  0.495  11.3373   5.82676   166.315
0  5  0.174144  0.44  6.97076   3.29462   89.9782
0  6  0.174144  0.44  2.28079   0.992417   25.5263

1  0  0.113356  0.825  223.257   170.356   297.238
1  1  0.127646  0.77  96.2595   52.2563   70.4983
1  2  0.150619  0.66  39.9199   14.9155   15.6693
1  3  0.164905  0.561  20.3425   6.26322   6.62197
1  4  0.171066  0.495  12.1244   3.40191   4.10165
1  5  0.174144  0.44  7.43439   1.96334   2.76213
1  6  0.174144  0.44  2.4259   0.609376   1.04116
