0  0  31.4153  0.137873   0.14351   0.6   0.712149
0  1  123.567  0.133581   0.00256387   0.6   0.250465
0  2  90.088  0.137177   0.00263038   0.6   0.297425
0  3  73.6886  0.138108   0.00266059   0.6   0.260071
0  4  60.479  0.120822   0.00217962   0.6   0.0468422
1  0  60.479  0.120822   0.00217962   0.6   0.0468422
1  1  114.227  0.135999   0.0125562   0.599985   0.151675
1  2  42.9453  0.174469   0.0062549   0.333631   0.166783
1  3  37.9518  0.170554   0.00622183   0.373656   0.23787
1  4  338.547  0.12734   0.00207217   0.692252   0.0322965
2  0  338.547  0.12734   0.00207217   0.692252   0.0322965
2  1  1739.34  0.118347   0.00178621   0.721511   0.0277497
2  2  1174.19  0.122425   0.00181812   0.714195   0.0288848
2  3  937.202  0.123614   0.001867   0.711238   0.0293408
2  4  735.682  0.108793   0.00307245   0.752145   0.0436012
3  0  735.682  0.108793   0.00307245   0.752145   0.0436012
3  1  449.005  0.151798   0.0103984   0.636438   0.0802133
3  2  59.0567  0.228796   0.152793   0.336604   0.244563
3  3  124.029  0.183714   0.0630045   0.544568   0.13378
3  4  294.704  0.121119   0.000673551   0.718419   0.0165128
4  0  294.704  0.121119   0.000673551   0.718419   0.0165128
4  1  3321.95  0.106558   0.0271764   0.757152   0.0289773
4  2  2237.51  0.108867   0.0279978   0.752484   0.0309755
4  3  1028.37  0.115716   0.0371982   0.740802   0.0446258
4  4  678.774  0.107604   0.000484306   0.742422   0.0136158
5  0  678.774  0.107604   0.000484306   0.742422   0.0136158
5  1  1107.19  0.11529   0.000420758   0.761272   0.0133219
5  2  12.0945  0.203863   0.00121954   0.637272   0.0335004
5  3  232.387  0.131874   0.000605567   0.735625   0.0166457
5  4  97.821  0.14351   0.0007904   0.712149   0.0201832
