0  0  0.13988  0.638901  1.42391   0.959618   5.25687
0  1  0.141792  0.649863  2.40396   1.63387   8.66869
0  2  0.140905  0.638836  1.87607   1.25444   6.77204
0  3  0.138741  0.621995  1.28648   0.852394   4.74411
0  4  0.132038  0.606831  0.685157   0.458008   2.82889

1  0  0.105038  0.718249  4.48522   4.67935   53.0416
1  1  0.106094  0.727287  7.59835   8.04055   88.2867
1  2  0.105899  0.718218  5.86347   6.03567   66.8406
1  3  0.104  0.707697  4.11167   4.21549   49.3683
1  4  0.0972404  0.705329  2.38382   2.6553   39.0092
