0  0  0.112311  0.735866  57.822   677.092   589.408
0  1  0.104566  0.762857  247.133   3478.65   3991.33
0  2  0.108199  0.754715  180.176   2348.38   2356.81
0  3  0.109327  0.74968  147.377   1874.4   1768.72
0  4  0.110244  0.745809  120.958   1471.35   1357.53
0  5  0.114132  0.731208  79.9097   897.753   738.127
0  6  0.176353  0.424848  28.6302   72.6817   24.1889
0  7  0.122644  0.687978  25.3012   238.865   154.925
0  8  0.127106  0.657479  12.8902   111.897   65.214
0  9  0.132508  0.615783  5.80267   45.2904   22.5256
0  10  0.133625  0.595852  2.53542   17.5952   8.84117
0  11  0.142729  0.504767  1.04717   6.99278   2.63257

1  0  0.110244  0.745809  120.958   1471.35   1357.53
1  1  0.114132  0.731208  79.9097   897.753   738.127
1  2  0.176353  0.424848  28.6302   72.6817   24.1889
1  3  0.122644  0.687978  25.3012   238.865   154.925
1  4  0.127106  0.657479  12.8902   111.897   65.214
1  5  0.132508  0.615783  5.80267   45.2904   22.5256
1  6  0.133625  0.595852  2.53542   17.5952   8.84117
1  7  0.142729  0.504767  1.04717   6.99278   2.63257
1  8  0.128875  0.654314  12.0577   96.9277   43.3743
1  9  0.131951  0.615899  5.85388   43.1412   17.4907
1  10  0.143532  0.55103  1.94613   12.2844   3.79119
1  11  0.134546  0.573227  1.21168   8.41277   3.08704
