0  0  0.0976727  0.753011  49.6751   67.8143   1063.85
0  1  0.101309  0.755474  109.045   140.988   1870.22
0  2  0.100524  0.747443  52.7496   66.5553   932.384
0  3  0.0985238  0.729578  24.3588   30.1872   476.672
0  4  0.0935627  0.718145  9.13978   11.9949   235.883

1  0  0.0935627  0.718145  9.13978   11.9949   235.883
1  1  0.110537  0.75093  64.6291   79.409   621.116
1  2  0.106725  0.747917  34.9355   43.893   407.435
1  3  0.106046  0.727764  15.099   17.853   178.844
1  4  0.103921  0.700373  5.00811   5.61876   65.2599
