12
0.225  4.030e+02  1.200e+01  3.240e+02  1.000e+01  2.420e+02  7.000e+00  1.740e+02  5.000e+00  1.240e+02  4.000e+00  7.850e+01  2.400e+00  5.050e+01  1.500e+00  3.050e+01  9.000e-01  1.620e+01  5.000e-01
0.275  2.980e+02  6.000e+00  2.410e+02  5.000e+00  1.820e+02  4.000e+00  1.300e+02  3.000e+00  8.840e+01  1.800e+00  5.850e+01  1.200e+00  3.690e+01  7.000e-01  2.200e+01  4.000e-01  1.150e+01  2.000e-01
0.325  2.330e+02  5.000e+00  1.880e+02  4.000e+00  1.420e+02  3.000e+00  1.000e+02  2.000e+00  6.670e+01  1.300e+00  4.450e+01  9.000e-01  2.780e+01  6.000e-01  1.640e+01  3.000e-01  8.570e+00  1.800e-01
0.375  1.840e+02  2.000e+00  1.470e+02  4.000e+00  1.110e+02  1.000e+00  7.800e+01  8.000e-01  5.150e+01  5.000e-01  3.440e+01  4.000e-01  2.120e+01  2.000e-01  1.230e+01  1.000e-01  6.380e+00  8.000e-02
0.425  1.450e+02  1.000e+00  1.160e+02  1.000e+00  8.710e+01  9.000e-01  6.080e+01  6.000e-01  4.000e+01  4.000e-01  2.630e+01  3.000e-01  1.630e+01  2.000e-01  9.450e+00  1.000e-01  4.800e+00  6.000e-02
0.475  1.140e+02  2.000e+00  9.050e+01  9.000e-01  6.840e+01  7.000e-01  4.730e+01  5.000e-01  3.120e+01  3.000e-01  2.030e+01  2.000e-01  1.250e+01  1.000e-01  7.220e+00  8.000e-02  3.660e+00  5.000e-02
0.525  9.000e+01  9.000e-01  7.160e+01  7.000e-01  5.380e+01  6.000e-01  3.710e+01  4.000e-01  2.440e+01  3.000e-01  1.590e+01  2.000e-01  9.660e+00  1.000e-01  5.520e+00  6.000e-02  2.810e+00  4.000e-02
0.575  7.110e+01  1.400e+00  5.630e+01  1.000e+00  4.270e+01  7.000e-01  2.920e+01  5.000e-01  1.920e+01  3.000e-01  1.240e+01  2.000e-01  7.570e+00  1.000e-01  4.300e+00  6.000e-02  2.150e+00  3.000e-02
0.625  5.610e+01  1.600e+00  4.460e+01  1.300e+00  3.340e+01  9.000e-01  2.320e+01  6.000e-01  1.500e+01  4.000e-01  9.730e+00  2.400e-01  5.950e+00  1.400e-01  3.290e+00  8.000e-02  1.660e+00  4.000e-02
0.675  4.430e+01  1.300e+00  3.500e+01  1.000e+00  2.650e+01  7.000e-01  1.810e+01  5.000e-01  1.190e+01  3.000e-01  7.650e+00  1.900e-01  4.660e+00  1.100e-01  2.580e+00  6.000e-02  1.290e+00  3.000e-02
0.725  3.580e+01  1.400e+00  2.830e+01  1.100e+00  2.130e+01  1.000e-01  1.440e+01  5.000e-01  9.440e+00  3.300e-01  6.030e+00  2.100e-01  3.620e+00  1.200e-01  2.090e+00  7.000e-02  9.970e-01  3.400e-02
0.775  3.000e+01  1.200e+00  2.400e+01  1.000e+00  1.800e+01  8.000e-01  1.200e+01  5.000e-01  7.620e+00  2.700e-01  4.760e+00  1.700e-01  2.910e+00  1.000e-01  1.610e+00  6.000e-02  7.840e-01  2.900e-02
12
0.225  4.100e+02  1.200e+01  3.270e+02  1.000e+01  2.460e+02  7.000e+00  1.740e+02  5.000e+00  1.240e+02  4.000e+00  7.860e+01  2.400e+00  5.090e+01  1.500e+00  3.060e+01  9.000e-01  1.610e+01  5.000e-01
0.275  3.050e+02  6.000e+00  2.460e+02  5.000e+00  1.860e+02  4.000e+00  1.320e+02  3.000e+00  8.930e+01  1.800e+00  5.590e+01  1.200e+00  3.690e+01  7.000e-01  2.210e+01  4.000e-01  1.160e+01  2.000e-01
0.325  2.390e+02  5.000e+00  1.920e+02  4.000e+00  1.450e+02  3.000e+00  1.020e+02  2.000e+00  6.770e+01  1.400e+00  4.480e+01  9.000e-01  2.790e+01  6.000e-01  1.630e+01  3.000e-01  8.560e+00  1.800e-01
0.375  1.880e+02  2.000e+00  1.500e+02  1.000e+00  1.130e+02  1.000e+00  7.910e+01  8.000e-01  5.180e+01  5.000e-01  3.450e+01  4.000e-01  2.120e+01  2.000e-01  1.250e+01  1.000e-01  6.460e+00  8.000e-02
0.425  1.470e+02  1.000e+00  1.180e+02  1.000e+00  8.840e+01  9.000e-01  6.130e+01  6.000e-01  4.010e+01  4.000e-01  2.630e+01  3.000e-01  1.620e+01  2.000e-01  9.410e+00  1.000e-01  4.820e+00  6.000e-02
0.475  1.150e+02  2.000e+00  9.800e+01  9.000e+00  6.900e+01  7.000e-01  4.760e+01  5.000e-01  3.130e+01  3.000e-01  2.050e+01  2.000e-01  1.250e+01  1.000e-01  7.170e+00  8.000e-02  3.690e+00  5.000e-02
0.525  9.070e+01  9.000e-01  7.220e+01  7.000e-01  5.410e+01  6.000e-01  3.720e+01  4.000e-01  2.450e+01  3.000e-01  1.590e+01  2.000e-01  9.750e+00  1.100e-01  5.560e+00  6.000e-02  2.730e+00  4.000e-02
0.575  7.200e+01  1.400e+00  6.580e+01  1.000e+00  4.270e+01  7.000e-01  2.940e+01  5.000e-01  1.910e+01  3.000e-01  1.240e+01  2.000e-01  7.630e+00  1.100e-01  4.310e+00  6.000e-02  2.130e+00  3.000e-02
0.625  5.670e+01  1.700e+00  4.500e+01  1.300e+00  3.370e+01  9.000e-01  2.320e+01  6.000e-01  1.500e+01  4.000e-01  9.690e+00  2.400e-01  5.960e+00  1.400e-01  3.380e+00  8.000e-02  1.650e+00  4.000e-02
0.675  4.480e+01  1.300e+00  3.550e+01  1.000e+00  2.670e+01  7.000e-01  1.820e+01  5.000e-01  1.190e+01  3.000e-01  7.610e+00  1.900e-01  4.640e+00  1.100e-01  2.630e+00  6.000e-02  1.270e+00  3.000e-02
0.725  3.570e+01  1.400e+00  2.830e+01  1.100e+00  2.130e+01  1.000e+00  1.450e+01  4.000e-01  9.550e+00  3.400e-01  6.020e+00  2.100e-01  3.650e+00  1.200e-01  2.040e+00  7.000e-02  9.770e-01  3.300e-02
0.775  5.670e+01  1.400e+00  4.810e+01  1.700e+00  2.860e+01  1.000e+00  1.160e+01  4.000e-01  7.580e+00  2.900e-01  4.810e+00  1.700e-01  2.860e+00  1.000e-01  1.570e+00  6.000e-02  7.850e-01  2.900e-02
11
0.225  2.730e+01  1.900e+00  2.310e+01  1.600e+00  1.720e+01  1.200e+00  1.210e+01  9.000e-01  9.840e+00  7.000e-01  6.690e+00  4.800e-01  3.950e+00  2.900e-01  2.430e+00  1.800e-01  1.310e+00  1.000e-01
0.275  2.540e+01  8.000e-01  2.090e+01  6.000e-01  1.650e+01  5.000e-01  1.150e+01  4.000e-01  8.110e+00  2.600e-01  5.790e+00  1.900e-01  3.650e+00  1.200e-01  2.220e+00  8.000e-02  1.080e+00  4.000e-02
0.325  2.390e+01  5.000e-01  1.970e+01  4.000e-01  1.500e+01  3.000e-01  1.060e+01  2.000e-01  7.270e+00  1.300e-01  5.020e+00  9.000e-02  3.170e+00  6.000e-02  1.900e+00  4.000e-02  9.400e-01  3.000e-02
0.375  2.220e+01  7.000e-01  1.800e+01  5.000e-01  1.380e+01  4.000e-01  9.700e+00  3.000e-01  6.710e+00  1.800e-01  4.390e+00  1.100e-01  2.940e+00  8.000e-02  1.660e+00  5.000e-02  7.800e-01  2.000e-02
0.425  2.050e+01  1.000e+00  1.680e+01  8.000e-01  1.270e+01  6.000e-01  8.730e+00  3.700e-01  5.910e+00  2.400e-01  3.850e+00  1.500e-01  2.560e+00  1.000e-01  1.430e+00  5.000e-02  6.800e-01  3.000e-02
0.475  1.810e+01  2.100e+00  1.490e+01  1.700e+00  1.140e+01  1.300e+00  7.970e+00  8.900e-01  5.460e+00  6.000e-01  3.460e+00  3.800e-01  2.200e+00  2.400e-01  1.190e+00  1.300e-01  5.800e-01  6.000e-02
0.525  1.650e+01  2.000e+00  1.340e+01  1.600e+00  1.010e+01  1.100e+00  7.050e+00  7.900e-01  4.750e+00  5.200e-01  2.980e+00  3.200e-01  1.910e+00  2.000e-01  1.040e+00  1.100e-01  4.800e-01  5.000e-02
0.575  1.480e+01  1.800e+00  1.220e+01  1.400e+00  9.200e+00  1.000e+00  6.290e+00  7.100e-01  4.200e+00  4.600e-01  2.650e+00  2.900e-01  1.640e+00  1.800e-01  8.700e-01  9.000e-02  4.300e-01  5.000e-02
0.625  1.310e+01  1.000e+00  1.050e+01  8.000e-01  8.140e+00  6.300e-01  5.550e+00  4.200e-01  3.420e+00  2.700e-01  2.250e+00  1.700e-01  1.410e+00  1.000e-01  7.300e-01  5.000e-02  3.800e-01  3.000e-02
0.675  1.080e+01  1.100e+00  8.910e+00  8.500e-01  6.770e+00  6.200e-01  4.710e+00  4.200e-01  3.100e+00  2.700e-01  1.930e+00  1.600e-01  1.110e+00  9.000e-02  6.100e-01  5.000e-02  3.200e-01  3.000e-02
0.725  9.050e+00  1.100e+00  7.390e+00  7.400e-01  5.390e+00  6.300e-01  3.790e+00  4.300e-01  2.610e+00  2.900e-01  1.560e+00  1.700e-01  9.500e-01  1.100e-01  4.900e-01  6.000e-02  2.500e-01  3.000e-02
11
0.225  2.630e+01  1.900e+00  2.200e+01  1.600e+00  1.680e+01  1.200e+00  1.160e+01  8.000e-01  9.540e+00  6.800e-01  6.470e+00  4.700e-01  3.770e+00  2.700e-01  2.340e+00  1.700e-01  1.350e+00  1.100e-01
0.275  2.470e+01  8.000e-01  2.060e+01  6.000e-01  1.560e+01  5.000e-01  1.090e+01  3.000e-01  8.010e+00  2.500e-01  5.660e+00  1.800e-01  3.490e+00  1.200e-01  2.180e+00  8.000e-02  1.140e+00  5.000e-02
0.325  2.270e+01  5.000e-01  1.920e+01  4.000e-01  1.440e+01  3.000e-01  1.020e+01  2.000e-01  7.030e+00  1.200e-01  4.790e+00  9.000e-02  3.050e+00  6.000e-02  1.890e+00  4.000e-02  9.200e-01  3.000e-02
0.375  2.110e+01  6.000e-01  1.770e+01  5.000e-01  1.320e+01  4.000e-01  9.310e+00  2.500e-01  6.380e+00  1.700e-01  4.310e+00  1.100e-01  2.830e+00  7.000e-02  1.610e+00  4.000e-02  7.400e-01  2.000e-02
0.425  1.980e+01  1.000e+00  1.590e+01  7.000e-01  1.220e+01  5.000e-01  8.420e+00  3.600e-01  5.800e+00  2.400e-01  3.660e+00  1.500e-01  2.380e+00  9.000e-02  1.370e+00  5.000e-02  6.600e-01  3.000e-02
0.475  1.770e+01  2.100e+00  1.440e+01  1.700e+00  1.090e+01  1.200e+00  7.530e+00  8.500e-01  5.230e+00  5.800e-01  3.260e+00  3.500e-01  2.110e+00  2.300e-01  1.140e+00  1.200e-01  5.600e-01  6.000e-02
0.525  1.580e+01  1.900e+00  1.310e+01  1.500e+00  9.800e+00  1.100e+00  6.730e+00  7.600e-01  4.550e+00  5.000e-01  2.800e+00  3.000e-01  1.810e+00  1.900e-01  9.600e-01  1.000e-01  4.800e-01  5.000e-02
0.575  1.470e+01  1.700e+00  1.180e+01  1.400e+00  8.800e+00  1.000e+00  6.030e+00  6.800e-01  4.140e+00  4.600e-01  2.540e+00  2.800e-01  1.550e+00  1.700e-01  8.800e-01  9.000e-02  4.400e-01  5.000e-02
0.625  1.270e+01  1.000e+00  1.060e+01  8.000e-01  7.910e+00  6.100e-01  5.350e+00  4.100e-01  3.420e+00  2.700e-01  2.170e+00  1.600e-01  1.340e+00  1.000e-01  7.200e-01  5.000e-02  3.600e-01  3.000e-02
0.675  1.080e+01  1.100e+00  8.580e+00  8.200e-01  6.450e+00  5.900e-01  4.680e+00  4.200e-01  2.930e+00  2.500e-01  1.860e+00  1.600e-01  1.130e+00  9.000e-02  5.600e-01  5.000e-02  2.800e-01  2.000e-02
0.725  1.080e+01  1.100e+00  8.580e+00  8.200e-01  5.210e+00  6.100e-01  3.650e+00  4.200e-01  2.500e+00  2.800e-01  1.580e+00  1.800e-01  9.600e-01  1.100e-01  4.700e-01  5.000e-02  2.400e-01  3.000e-02
16
0.425  6.420e+00  3.100e-01  5.700e+00  2.800e-01  4.210e+00  2.000e-01  3.340e+00  1.600e-01  2.330e+00  1.100e-01  1.650e+00  8.000e-02  1.170e+00  6.000e-02  7.120e-01  3.600e-02  3.870e-01  2.000e-02
0.476  6.450e+00  2.500e-01  5.620e+00  2.200e-01  4.280e+00  1.700e-01  3.260e+00  1.300e-01  2.310e+00  9.000e-02  1.610e+00  6.000e-02  1.110e+00  4.000e-02  6.650e-01  2.700e-02  3.620e-01  1.600e-02
0.525  6.180e+00  2.000e-01  5.380e+00  1.700e-01  4.120e+00  1.300e-01  3.130e+00  1.000e-01  2.170e+00  7.000e-02  1.540e+00  5.000e-02  1.010e+00  3.000e-02  6.310e-01  2.200e-02  3.430e-01  1.300e-02
0.574  5.960e+00  1.600e-01  5.090e+00  1.300e-01  3.970e+00  1.000e-01  2.990e+00  8.000e-02  2.070e+00  5.000e-02  1.460e+00  4.000e-02  9.460e-01  2.600e-02  5.560e-01  1.600e-02  3.080e-01  1.600e-02
0.624  5.750e+00  1.300e-01  4.890e+00  1.100e-01  3.770e+00  8.000e-02  2.790e+00  6.000e-02  1.910e+00  4.000e-02  1.340e+00  3.000e-02  8.500e-01  2.000e-02  5.100e-01  1.300e-02  2.640e-01  8.000e-03
0.675  5.440e+00  1.300e-01  4.560e+00  1.100e-01  3.580e+00  8.000e-02  2.630e+00  6.000e-02  1.780e+00  4.000e-02  1.250e+00  3.000e-02  7.850e-01  1.800e-02  4.460e-01  1.100e-02  2.370e-01  7.000e-03
0.725  5.070e+00  1.200e-01  4.300e+00  1.000e-01  3.320e+00  8.000e-02  2.420e+00  6.000e-02  1.670e+00  4.000e-02  1.130e+00  3.000e-02  7.110e-01  1.800e-02  4.030e-01  1.100e-02  2.150e-01  7.000e-03
0.775  4.890e+00  1.100e-01  4.090e+00  9.000e-02  3.130e+00  7.000e-02  2.230e+00  5.000e-02  1.540e+00  5.000e-02  1.030e+00  2.000e-02  6.340e-01  1.600e-02  3.710e-01  1.000e-02  1.870e-01  6.000e-03
0.824  4.670e+00  1.000e-01  3.830e+00  8.000e-02  2.930e+00  6.000e-02  2.110e+00  5.000e-02  1.400e+00  3.000e-02  9.620e-01  2.200e-02  5.790e-01  1.400e-02  3.170e-01  9.000e-03  1.630e-01  5.000e-03
0.875  4.440e+00  9.000e-02  3.660e+00  8.000e-02  2.780e+00  7.000e-02  1.940e+00  4.000e-02  1.300e+00  3.000e-02  8.710e-01  2.000e-02  5.280e-01  1.300e-02  2.840e-01  8.000e-03  1.460e-01  5.000e-03
0.924  4.160e+00  1.300e-01  3.420e+00  1.000e-01  2.590e+00  7.000e-02  1.820e+00  5.000e-02  1.180e+00  3.000e-02  7.860e-01  2.100e-02  4.930e-01  1.300e-02  2.560e-01  8.000e-03  1.260e-01  4.000e-03
0.975  3.950e+00  1.200e-01  3.170e+00  9.000e-02  2.370e+00  7.000e-02  1.660e+00  5.000e-02  1.090e+00  3.000e-02  7.120e-01  1.900e-02  4.280e-01  1.200e-02  2.290e-01  7.000e-03  1.070e-01  4.000e-03
1.025  3.680e+00  1.200e-01  2.950e+00  9.000e-02  2.210e+00  7.000e-02  1.530e+00  5.000e-02  9.970e-01  3.200e-02  6.530e-01  2.100e-02  3.890e-01  1.300e-02  2.140e-01  8.000e-03  9.880e-02  4.300e-03
1.075  3.360e+00  1.100e-01  2.710e+00  1.000e-01  2.060e+00  6.000e-02  1.380e+00  4.000e-02  8.820e-01  2.800e-02  5.810e-01  1.900e-02  3.380e-01  1.200e-02  1.760e-01  7.000e-03  8.370e-02  3.800e-03
1.125  3.240e+00  1.400e-01  2.570e+00  1.000e-01  1.850e+00  7.000e-02  1.270e+00  5.000e-02  8.210e-01  3.100e-02  5.240e-01  2.000e-02  3.140e-01  1.200e-02  1.600e-01  7.000e-03  7.000e-02  3.600e-03
1.175  2.890e+00  1.400e-01  2.340e+00  1.100e-01  1.700e+00  7.000e-02  1.160e+00  5.000e-02  7.360e-01  3.200e-02  4.760e-01  2.100e-02  2.820e-01  1.400e-02  1.380e-01  7.000e-03  6.180e-02  4.000e-03
17
0.375  5.080e+00  1.200e-01  4.410e+00  1.000e-01  3.440e+00  8.000e-02  2.690e+00  6.000e-02  1.950e+00  5.000e-02  1.480e+00  4.000e-02  9.920e-01  2.600e-02  6.680e-01  1.900e-02  3.630e-01  1.200e-02
0.425  4.880e+00  7.000e-02  4.170e+00  6.000e-02  3.310e+00  4.000e-02  2.540e+00  4.000e-02  1.830e+00  3.000e-02  1.370e+00  2.000e-02  9.310e-01  1.800e-02  6.230e-01  1.400e-02  3.420e-01  1.000e-02
0.476  4.840e+00  7.000e-02  4.040e+00  6.000e-02  3.230e+00  3.000e-02  2.450e+00  3.000e-02  1.810e+00  3.000e-02  1.310e+00  2.000e-02  8.740e-01  1.600e-02  5.720e-01  1.200e-02  3.270e-01  9.000e-03
0.525  4.680e+00  6.000e-02  3.950e+00  5.000e-02  3.150e+00  3.000e-02  2.340e+00  3.000e-02  1.760e+00  3.000e-02  1.210e+00  2.000e-02  8.320e-01  1.500e-02  5.190e-01  1.100e-02  2.860e-01  8.000e-03
0.574  4.610e+00  6.000e-02  3.790e+00  5.000e-02  3.060e+00  4.000e-02  2.270e+00  3.000e-02  1.630e+00  2.000e-02  1.160e+00  2.000e-02  7.950e-01  1.400e-02  4.800e-01  1.000e-02  2.610e-01  7.000e-03
0.624  4.370e+00  6.000e-02  3.770e+00  5.000e-02  2.930e+00  4.000e-02  2.150e+00  3.000e-02  1.540e+00  2.000e-02  1.060e+00  2.000e-02  7.220e-01  1.300e-02  4.270e-01  9.000e-03  2.270e-01  7.000e-03
0.675  4.290e+00  9.000e-02  3.600e+00  7.000e-02  2.800e+00  5.000e-02  2.060e+00  4.000e-02  1.470e+00  3.000e-02  9.950e-01  1.900e-02  6.430e-01  1.300e-02  3.730e-01  9.000e-03  2.090e-01  6.000e-03
0.725  4.010e+00  9.000e-02  3.350e+00  7.000e-02  2.650e+00  6.000e-02  1.910e+00  4.000e-02  1.360e+00  3.000e-02  9.360e-01  2.200e-02  5.970e-01  1.500e-02  3.480e-01  1.000e-02  1.790e-01  6.000e-03
0.775  3.820e+00  8.000e-02  3.160e+00  7.000e-02  2.500e+00  5.000e-02  1.790e+00  4.000e-02  1.220e+00  3.000e-02  8.470e-01  2.000e-02  5.370e-01  1.400e-02  3.030e-01  9.000e-03  1.520e-01  5.000e-03
0.824  3.660e+00  8.000e-02  3.060e+00  7.000e-02  2.300e+00  5.000e-02  1.670e+00  4.000e-02  1.150e+00  3.000e-02  7.720e-01  1.800e-02  4.830e-01  1.200e-02  2.640e-01  8.000e-03  1.390e-01  5.000e-03
0.875  3.500e+00  8.000e-02  2.880e+00  6.000e-02  2.180e+00  5.000e-02  1.560e+00  3.000e-02  1.040e+00  2.000e-02  6.910e-01  1.700e-02  4.350e-01  1.100e-02  2.440e-01  7.000e-03  1.120e-01  4.000e-03
0.924  3.170e+00  1.000e-01  2.600e+00  8.000e-02  2.000e+00  6.000e-02  1.410e+00  4.000e-02  9.700e-01  2.700e-02  6.140e-01  1.700e-02  3.920e-01  1.100e-02  2.160e-01  7.000e-03  1.080e-01  4.000e-03
0.975  2.990e+00  9.000e-02  2.420e+00  7.000e-02  1.850e+00  5.000e-02  1.320e+00  4.000e-02  8.810e-01  2.400e-02  5.670e-01  1.600e-02  3.420e-01  1.000e-02  1.840e-01  6.000e-03  9.160e-02  3.700e-03
1.025  2.810e+00  9.000e-02  2.280e+00  7.000e-02  1.720e+00  5.000e-02  1.210e+00  4.000e-02  7.860e-01  2.500e-02  5.120e-01  1.700e-02  3.150e-01  1.100e-02  1.640e-01  6.000e-03  7.490e-02  3.400e-03
1.075  2.600e+00  9.000e-02  2.090e+00  7.000e-02  1.580e+00  5.000e-02  1.100e+00  4.000e-02  7.070e-01  2.300e-02  4.620e-01  1.600e-02  2.690e-01  1.000e-02  1.390e-01  6.000e-03  6.920e-02  3.400e-03
1.125  2.430e+00  1.100e-01  1.910e+00  8.000e-02  1.480e+00  6.000e-02  1.010e+00  4.000e-02  6.500e-01  2.500e-02  4.000e-01  1.600e-02  2.390e-01  1.000e-02  1.240e-01  6.000e-03  5.740e-02  3.200e-03
1.175  2.220e+00  1.200e-01  1.780e+00  9.000e-02  1.390e+00  6.000e-02  9.050e-01  4.100e-02  6.060e-01  2.800e-02  3.530e-01  1.700e-02  2.170e-01  1.100e-02  1.110e-01  6.000e-03  5.100e-02  3.900e-03
