15
0.55  62.3768 0.0098012 8.82141 
 0.65  39.0413 0.00713856 5.52128 
 0.75  24.4451 0.00524074 3.45706 
 0.85  16.2736 0.00410577 2.30143 
 0.95  11.2235 0.00335001 1.58725 
 1.05  7.21943 0.00254934 1.02098 
 1.15  4.71854 0.00194004 0.667302 
 1.25  3.32476 0.00158962 0.470192 
 1.35  2.32744 0.00129055 0.32915 
 1.45  1.57661 0.00101715 0.222966 
 1.55  1.15285 0.000859528 0.163037 
 1.65  0.822118 0.00070337 0.116265 
 1.75  0.606001 0.00059605 0.0857016 
 1.9  0.36673 0.000313906 0.0518634 
 2.1  0.195912 0.000229923 0.0277061 

 
0.55  24.6632 0.00538716 3.48791 
 0.65  15.3329 0.00391045 2.1684 
 0.75  9.51089 0.00285743 1.34504 
 0.85  6.28606 0.00223054 0.888983 
 0.95  4.31282 0.00181522 0.609925 
 1.05  2.76323 0.00137864 0.39078 
 1.15  1.79905 0.00104712 0.254425 
 1.25  1.26816 0.000858157 0.179345 
 1.35  0.885791 0.000695934 0.12527 
 1.45  0.601343 0.000549098 0.0850428 
 1.55  0.441631 0.000465019 0.0624561 
 1.65  0.316571 0.000381521 0.0447699 
 1.75  0.234958 0.00032442 0.0332281 
 1.9  0.144404 0.000172201 0.0204218 
 2.1  0.0761177 0.000125263 0.0107647 

0.55  8.00174 0.00286881 1.13162 
 0.65  4.85889 0.00205807 0.687151 
 0.75  2.96969 0.00149278 0.419978 
 0.85  1.96091 0.00116473 0.277314 
 0.95  1.34431 0.000947487 0.190114 
 1.05  0.858392 0.000718392 0.121395 
 1.15  0.553321 0.000542923 0.0782514 
 1.25  0.384544 0.000441803 0.0543827 
 1.35  0.264261 0.000355381 0.0373721 
 1.45  0.176581 0.000278186 0.0249723 
 1.55  0.12732 0.000233434 0.0180057 
 1.65  0.0903065 0.00019051 0.0127713 
 1.75  0.0661218 0.000160902 0.00935104 
 1.9  0.0408627 8.56927e-05 0.00577886 
 2.1  0.0218478 6.27441e-05 0.00308974 

 
0.55  1.90024 0.00135111 0.268734 
 0.65  1.13348 0.00096067 0.160299 
 0.75  0.672545 0.000686556 0.0951122 
 0.85  0.435204 0.000530295 0.0615471 
 0.95  0.293406 0.000427793 0.0414938 
 1.05  0.186005 0.000323189 0.026305 
 1.15  0.119884 0.000244234 0.0169542 
 1.25  0.0837208 0.000199227 0.0118399 
 1.35  0.0589069 0.000162157 0.00833069 
 1.45  0.0434673 0.000133389 0.0061472 
 1.55  0.0293106 0.000108244 0.00414514 
 1.65  0.0227363 9.23834e-05 0.0032154 
 1.75  0.0165118 7.77073e-05 0.00233513 
 1.9  0.00971377 4.03818e-05 0.00137374 
 2.1  0.00510971 2.92716e-05 0.000722622 

 

