20
0.55  1.20321 0.00118517 0.221208 
 0.65  1.47944 0.00131783 0.271991 
 0.75  1.51034 0.0012775 0.277673 
 0.85  1.40642 0.00115382 0.258568 
 0.95  1.26287 0.00103582 0.214316 
 1.05  1.09521 0.000915776 0.185863 
 1.15  0.94002 0.000816246 0.159527 
 1.25  0.760166 0.000698778 0.129004 
 1.35  0.598239 0.000592083 0.0930641 
 1.45  0.460596 0.000496639 0.071652 
 1.55  0.359871 0.000424252 0.0559828 
 1.65  0.283087 0.000367349 0.0480415 
 1.75  0.215082 0.000309621 0.0365006 
 1.85  0.164859 0.000264667 0.0279774 
 1.95  0.12651 0.000226304 0.0214694 
 2.1  0.0843029 0.000125956 0.0143067 
 2.3  0.0488882 9.22471e-05 0.00829659 
 2.5  0.0297804 7.07689e-05 0.0050539 
 2.7  0.0178871 5.25597e-05 0.00303555 
 2.9  0.00997308 3.6512e-05 0.00169249 

 
0.55  0.55617 0.000704091 0.102251 
 0.65  0.716203 0.000801208 0.131672 
 0.75  0.70533 0.000762842 0.129673 
 0.85  0.619781 0.000669292 0.113945 
 0.95  0.52926 0.00058594 0.0898185 
 1.05  0.443319 0.000509114 0.0752338 
 1.15  0.372361 0.000448901 0.0631918 
 1.25  0.298499 0.000382624 0.050657 
 1.35  0.234576 0.000323969 0.0364914 
 1.45  0.180568 0.000271717 0.0280898 
 1.55  0.14179 0.000232696 0.0220574 
 1.65  0.111503 0.000201454 0.0189226 
 1.75  0.0853576 0.000170437 0.0144857 
 1.85  0.065664 0.000145956 0.0111435 
 1.95  0.0504224 0.000124841 0.00855696 
 2.1  0.0337423 6.96313e-05 0.00572626 
 2.3  0.0197501 5.1239e-05 0.00335171 
 2.5  0.0122425 3.96493e-05 0.00207761 
 2.7  0.00740751 2.95528e-05 0.0012571 
 2.9  0.00412396 2.05103e-05 0.000699859 

 
0.55  0.20118 0.000394146 0.0369864 
 0.65  0.239248 0.000431013 0.0439851 
 0.75  0.224592 0.00040066 0.0412908 
 0.85  0.193313 0.00034791 0.0355402 
 0.95  0.161951 0.000301682 0.027484 
 1.05  0.132525 0.000259086 0.0224902 
 1.15  0.108387 0.000225422 0.0183939 
 1.25  0.0837189 0.000188604 0.0142076 
 1.35  0.0635392 0.000156936 0.00988438 
 1.45  0.0474833 0.00012969 0.00738667 
 1.55  0.0360422 0.000109197 0.00560685 
 1.65  0.0276514 9.33754e-05 0.0046926 
 1.75  0.0205768 7.78883e-05 0.003492 
 1.85  0.015379 6.57451e-05 0.0026099 
 1.95  0.0116777 5.59196e-05 0.00198177 
 2.1  0.00761932 3.07973e-05 0.00129304 
 2.3  0.00434217 2.23631e-05 0.000736891 
 2.5  0.00257036 1.69081e-05 0.000436204 
 2.7  0.00156798 1.26545e-05 0.000266095 
 2.9  0.000858703 8.71691e-06 0.000145727 

0.55  0.0673189 0.000221294 0.0123764 
 0.65  0.0738436 0.000232413 0.013576 
 0.75  0.0655133 0.000210029 0.0120445 
 0.85  0.0522235 0.000175512 0.00960116 
 0.95  0.0415405 0.000148296 0.00704965 
 1.05  0.031621 0.000122835 0.00536627 
 1.15  0.0240175 0.000102993 0.00407591 
 1.25  0.0176151 8.39691e-05 0.00298938 
 1.35  0.0131601 6.93214e-05 0.00204723 
 1.45  0.0094598 5.61841e-05 0.0014716 
 1.55  0.00679549 4.60207e-05 0.00105713 
 1.65  0.00501083 3.85803e-05 0.000850367 
 1.75  0.00373061 3.21892e-05 0.000633106 
 1.85  0.00273694 2.69196e-05 0.000464475 
 1.95  0.00199889 2.24552e-05 0.000339223 
 2.1  0.0013907 1.27707e-05 0.00023601 
 2.3  0.000843505 9.57868e-06 0.000143147 
 2.5  0.000461046 6.95364e-06 7.8242e-05 
 2.7  0.000275826 5.14291e-06 4.68092e-05 
 2.9  0.000349438 5.25433e-06 5.93016e-05 

 

