20
0.55  1.65541 0.00102973 0.304344 
 0.65  2.10826 0.00137698 0.3876 
 0.75  2.06525 0.00137712 0.379692 
 0.85  1.8884 0.00130062 0.347178 
 0.95  1.84899 0.00131889 0.313784 
 1.05  1.50418 0.00111578 0.255268 
 1.15  1.29497 0.00100438 0.219764 
 1.25  1.00584 0.000828603 0.170697 
 1.35  0.843784 0.000744253 0.131262 
 1.45  0.640662 0.000612696 0.0996636 
 1.55  0.502262 0.000525752 0.0781337 
 1.65  0.390556 0.000447373 0.0662796 
 1.75  0.298587 0.000378758 0.0506719 
 1.85  0.218095 0.000310566 0.0370119 
 1.95  0.166985 0.000265674 0.0283384 
 2.1  0.110917 0.000147559 0.0188233 
 2.3  0.0635451 0.000106862 0.010784 
 2.5  0.0362896 7.64607e-05 0.00615856 
 2.7  0.0216881 5.63984e-05 0.00368059 
 2.9  0.0124423 4.01223e-05 0.00211152 

0.55  0.902769 0.000664469 0.165972 
 0.65  1.07141 0.000857743 0.196976 
 0.75  0.993792 0.000834733 0.182706 
 0.85  0.857325 0.000765762 0.157617 
 0.95  0.799833 0.000757978 0.135736 
 1.05  0.626398 0.000629172 0.106303 
 1.15  0.527315 0.000560041 0.0894884 
 1.25  0.404451 0.000459124 0.0686376 
 1.35  0.336498 0.000410688 0.0523469 
 1.45  0.255066 0.00033781 0.0396789 
 1.55  0.199129 0.000289267 0.0309773 
 1.65  0.154605 0.000245955 0.0262374 
 1.75  0.117277 0.000207419 0.0199026 
 1.85  0.0864256 0.000170832 0.0146669 
 1.95  0.065908 0.000145846 0.0111849 
 2.1  0.0435637 8.08058e-05 0.007393 
 2.3  0.0249475 5.851e-05 0.00423372 
 2.5  0.0141504 4.17188e-05 0.00240141 
 2.7  0.00838364 3.06371e-05 0.00142275 
 2.9  0.00470236 2.15491e-05 0.000798018 

 
0.55  0.255844 0.000329241 0.0470363 
 0.65  0.317361 0.000434506 0.0583461 
 0.75  0.291242 0.000420598 0.0535442 
 0.85  0.248105 0.000383423 0.0456136 
 0.95  0.227279 0.000376076 0.0385705 
 1.05  0.173772 0.000308443 0.0294901 
 1.15  0.141931 0.000270435 0.0240864 
 1.25  0.106225 0.000219003 0.0180271 
 1.35  0.0853545 0.000192519 0.0132781 
 1.45  0.062426 0.00015555 0.0097112 
 1.55  0.0477059 0.000131782 0.0074213 
 1.65  0.0359587 0.000110404 0.00610239 
 1.75  0.0266535 9.20361e-05 0.00452324 
 1.85  0.019248 7.50377e-05 0.0032665 
 1.95  0.0145524 6.37869e-05 0.00246962 
 2.1  0.00939838 3.49331e-05 0.00159496 
 2.3  0.00518474 2.48258e-05 0.00087988 
 2.5  0.00287577 1.74978e-05 0.000488034 
 2.7  0.00169198 1.28089e-05 0.000287138 
 2.9  0.000967291 9.09703e-06 0.000164155 

 
0.55  0.0893862 0.000188885 0.0164335 
 0.65  0.0978356 0.000234156 0.0179869 
 0.75  0.084235 0.000219544 0.0154864 
 0.85  0.0663595 0.000192464 0.0122 
 0.95  0.0573822 0.000183409 0.00973808 
 1.05  0.0407888 0.000145041 0.00692209 
 1.15  0.0313522 0.000123366 0.00532064 
 1.25  0.022441 9.77e-05 0.00380837 
 1.35  0.0175612 8.47567e-05 0.00273188 
 1.45  0.0125338 6.76493e-05 0.00194979 
 1.55  0.00931247 5.65119e-05 0.00144868 
 1.65  0.00673243 4.63666e-05 0.00114253 
 1.75  0.00499621 3.86757e-05 0.000847884 
 1.85  0.00354423 3.12524e-05 0.000601475 
 1.95  0.00263945 2.63668e-05 0.00044793 
 2.1  0.00173978 1.45873e-05 0.00029525 
 2.3  0.0010157 1.06709e-05 0.00017237 
 2.5  0.000572791 7.56986e-06 9.72058e-05 
 2.7  0.000321032 5.41299e-06 5.4481e-05 
 2.9  0.000447078 5.82384e-06 7.58716e-05 

 

