15
0.55  11.0789 0.00770305 1.88014 
 0.65  8.38656 0.00563976 1.42325 
 0.75  6.69841 0.00451038 1.13676 
 0.85  5.16569 0.0036847 0.876647 
 0.95  3.51723 0.00272176 0.596894 
 1.05  2.67071 0.00225432 0.453234 
 1.15  1.80822 0.00166049 0.255721 
 1.25  1.40248 0.00141341 0.198341 
 1.35  0.984476 0.00108117 0.139226 
 1.45  0.734348 0.000885692 0.103852 
 1.55  0.543865 0.00071823 0.0769142 
 1.65  0.406971 0.000584518 0.0575544 
 1.75  0.285023 0.000461393 0.0403083 
 1.85  0.195503 0.000365573 0.0276483 
 1.95  0.141033 0.000304852 0.0199451 
 
0.55  3.65611 0.0038532 0.620463 
 0.65  2.88742 0.0028815 0.490011 
 0.75  2.35364 0.00232806 0.399427 
 0.85  1.83221 0.00191082 0.310936 
 0.95  1.25698 0.0014168 0.213316 
 1.05  0.954722 0.00117365 0.162022 
 1.15  0.648764 0.000866065 0.0917491 
 1.25  0.505043 0.00073855 0.0714238 
 1.35  0.351606 0.000562622 0.0497246 
 1.45  0.260471 0.000459311 0.0368361 
 1.55  0.192837 0.0003724 0.0272713 
 1.65  0.14563 0.000304465 0.0205951 
 1.75  0.108199 0.000247536 0.0153017 
 1.85  0.0762003 0.000198734 0.0107763 
 1.95  0.0564285 0.000167909 0.00798019 
 
0.55  1.06956 0.00195316 0.18151 
 0.65  0.83827 0.00145505 0.142259 
 0.75  0.676942 0.0011701 0.114881 
 0.85  0.519983 0.000954006 0.0882441 
 0.95  0.352545 0.000703196 0.0598289 
 1.05  0.266413 0.000581031 0.0452118 
 1.15  0.178711 0.000425996 0.0252735 
 1.25  0.137697 0.00036141 0.0194733 
 1.35  0.0948327 0.000273836 0.0134114 
 1.45  0.0708947 0.000224573 0.010026 
 1.55  0.0531132 0.000183163 0.00751134 
 1.65  -0.559074 -nan -0.079065 
 1.75  -0.497393 -nan -0.070342 
 1.85  -0.455231 -nan -0.0643793 
 1.95  -0.43883 -nan -0.0620599 
 
0.55  0.31718 0.0010252 0.0538273 
 0.65  0.217562 0.000714497 0.0369214 
 0.75  0.166949 0.000560094 0.0283322 
 0.85  0.129071 0.000458135 0.0219041 
 0.95  0.0866048 0.00033594 0.0146973 
 1.05  0.0633786 0.000273158 0.0107557 
 1.15  0.041401 0.000197632 0.00585498 
 1.25  0.031471 0.000166539 0.00445067 
 1.35  0.0219507 0.000126986 0.00310429 
 1.45  0.0168818 0.000105629 0.00238744 
 1.55  0.0131498 8.78454e-05 0.00185967 
 1.65  0.0116811 7.7893e-05 0.00165196 
 1.75  0.00764743 5.9447e-05 0.00108151 
 1.85  0.00594268 5.01336e-05 0.000840422 
 1.95  0.00539917 4.69173e-05 0.000763557 
 

