14
0.55  69.9578 0.0105789 11.8722 
 0.65  43.3603 0.00739662 7.35848 
 0.75  27.2665 0.00546919 4.62727 
 0.85  16.9151 0.00398668 2.87058 
 0.95  11.109 0.00310452 1.88525 
 1.05  8.34219 0.00267339 1.41572 
 1.15  5.5787 0.00208602 0.946736 
 1.25  3.66425 0.00158665 0.621843 
 1.35  2.26279 0.00118004 0.384007 
 1.45  1.6957 0.000993017 0.28777 
 1.55  1.14082 0.000772201 0.193604 
 1.65  0.855397 0.000663498 0.145166 
 1.75  0.593569 0.000530156 0.100732 
 1.9  0.358517 0.000270278 0.0608424 

0.55  26.8999 0.00573408 4.56507 
 0.65  15.3745 0.00384995 2.60914 
 0.75  10.2665 0.00293351 1.74229 
 0.85  6.27879 0.00212315 1.06555 
 0.95  4.11565 0.00165175 0.698448 
 1.05  2.98747 0.00139843 0.506991 
 1.15  2.06062 0.0011082 0.349699 
 1.25  1.36374 0.000846102 0.231435 
 1.35  0.94645 0.0006671 0.160618 
 1.45  0.657429 0.000540473 0.111569 
 1.55  0.436557 0.00041755 0.0740861 
 1.65  0.320497 0.000355005 0.0543902 
 1.75  0.217227 0.000280345 0.0368647 
 1.9  0.135518 0.000145223 0.0229982 

 
0.55  7.9315 0.00291099 1.34602 
 0.65  4.64653 0.00197876 0.788542 
 0.75  2.98676 0.00147928 0.506871 
 0.85  1.8075 0.00106502 0.306742 
 0.95  1.17928 0.000826626 0.20013 
 1.05  0.844003 0.000694922 0.143232 
 1.15  0.572791 0.000546251 0.0972058 
 1.25  0.377872 0.000416394 0.064127 
 1.35  0.256976 0.000324986 0.0436103 
 1.45  0.181722 0.000265661 0.0308392 
 1.55  0.123977 0.000208034 0.0210396 
 1.65  0.0976217 0.000183177 0.0165669 
 1.75  0.0697946 0.000148567 0.0118445 
 1.9  0.040398 7.41296e-05 0.00685577 

 
0.55  2.05485 0.00143196 0.34872 
 0.65  1.25316 0.000993137 0.212669 
 0.75  0.763916 0.000723018 0.129641 
 0.85  0.46805 0.000523768 0.0794307 
 0.95  0.292576 0.00039792 0.0496517 
 1.05  0.199851 0.000326808 0.0339159 
 1.15  0.130838 0.000252311 0.0222039 
 1.25  0.0873142 0.000193442 0.0148177 
 1.35  0.0587227 0.00015014 0.00996558 
 1.45  0.0417457 0.000123057 0.00708448 
 1.55  0.0282594 9.59888e-05 0.00479577 
 1.65  0.0209726 8.2054e-05 0.00355917 
 1.75  0.014982 6.65228e-05 0.00254252 
 1.9  0.00907691 3.39851e-05 0.0015404 

 

