15
0.55  13.1381 0.00900462 2.41541 
 0.65  8.73227 0.00567057 1.60541 
 0.75  6.81171 0.00447937 1.25232 
 0.85  4.82121 0.0033224 0.818186 
 0.95  3.17209 0.00234913 0.538321 
 1.05  2.45225 0.00199088 0.41616 
 1.15  1.74944 0.00155615 0.296889 
 1.25  1.28782 0.00126344 0.200338 
 1.35  0.953497 0.00103277 0.148329 
 1.45  0.656678 0.000789855 0.102155 
 1.55  0.512833 0.000681718 0.0870307 
 1.65  0.380121 0.000552882 0.0645087 
 1.75  0.277959 0.000447473 0.0471712 
 1.85  0.2135 0.00039427 0.0362322 
 1.95  0.144079 0.000306417 0.024451 
 
0.55  4.58209 0.00463049 0.842406 
 0.65  3.10015 0.00294205 0.569955 
 0.75  2.42958 0.00232944 0.446673 
 0.85  1.72767 0.00173181 0.293196 
 0.95  1.13718 0.00122474 0.192985 
 1.05  0.882159 0.00103976 0.149707 
 1.15  0.628386 0.000812102 0.106641 
 1.25  0.461568 0.000658628 0.0718031 
 1.35  0.341015 0.000537806 0.0530494 
 1.45  0.234049 0.000410602 0.0364094 
 1.55  0.182966 0.000354566 0.0310503 
 1.65  0.136815 0.000288824 0.0232182 
 1.75  0.103937 0.000238264 0.0176387 
 1.85  0.0832884 0.000214429 0.0141345 
 1.95  0.057476 0.00016852 0.009754 
 
0.55  1.3914 0.00239136 0.255806 
 0.65  0.924379 0.00150559 0.169945 
 0.75  0.711367 0.00118129 0.130783 
 0.85  0.495211 0.000868935 0.08404 
 0.95  0.320756 0.000609594 0.0544342 
 1.05  0.245266 0.000513808 0.041623 
 1.15  0.172631 0.000398914 0.0292964 
 1.25  0.126366 0.000322969 0.019658 
 1.35  0.0922382 0.00026213 0.0143489 
 1.45  0.063599 0.000200593 0.00989369 
 1.55  0.0505485 0.000174659 0.00857836 
 1.65  0.0385166 0.00014362 0.00653649 
 1.75  -0.479724 -nan -0.0814118 
 1.85  -0.484872 -nan -0.0822855 
 1.95  -0.433973 -nan -0.0736477 
 
0.55  0.37702 0.00119984 0.0693144 
 0.65  0.22951 0.000723111 0.0421949 
 0.75  0.170262 0.000557043 0.0313023 
 0.85  0.121244 0.000414424 0.0205759 
 0.95  0.0778291 0.000289432 0.013208 
 1.05  0.0596262 0.000244187 0.0101189 
 1.15  0.0408116 0.000186954 0.00692597 
 1.25  0.0296641 0.000150828 0.00461466 
 1.35  0.0216011 0.00012227 0.00336034 
 1.45  0.014679 9.28881e-05 0.00228351 
 1.55  0.0120283 8.2122e-05 0.00204127 
 1.65  0.00827153 6.41513e-05 0.00140373 
 1.75  0.00627802 5.28967e-05 0.00106541 
 1.85  0.00500208 4.74691e-05 0.000848881 
 1.95  0.00373513 3.88066e-05 0.000633872 
 

