0  0  17.9793  0.13011   6.56521e-06   0.489385   6.3795e-07
0  1  54.8063  0.122779   8.47931e-06   0.535395   1.05926e-06
0  2  21.7092  0.129417   1.20704e-05   0.494262   2.14836e-06
0  3  7.53072  0.137482   1.96529e-05   0.427923   7.93885e-06
0  4  2.19312  0.139283   3.57863e-05   0.376002   0.000155191
1  0  11.733  0.138638   6.59893e-06   0.493544   4.51651e-07
1  1  35.9481  0.13052   8.45171e-06   0.541017   7.28889e-07
1  2  14.1336  0.138187   1.23069e-05   0.496814   1.51518e-06
1  3  4.84661  0.147137   1.97972e-05   0.427923   7.56305e-06
1  4  1.46181  0.14682   0.00112886   0.385243   0.00567821
2  0  6.16604  0.148291   2.35698e-05   0.489385   2.4169e-06
2  1  24.4616  0.136125   9.89446e-07   0.535949   9.8224e-05
2  2  7.62031  0.146813   4.23119e-05   0.494262   7.89158e-06
2  3  1.982  0.160462   7.37324e-05   0.427923   2.0273e-05
2  4  0.512013  0.163618   0.000153476   0.376002   0.000117353
3  0  5.49801  0.150939   2.25306e-05   0.493544   7.33347e-06
3  1  23.6876  0.136125   2.34592e-06   0.548593   8.83646e-05
3  2  6.74543  0.149734   4.14496e-05   0.496814   2.13937e-05
3  3  1.69767  0.164454   7.13532e-05   0.427923   3.72292e-05
3  4  0.32644  0.177572   8.72754e-05   0.34274   0.000575773
4  0  16.4398  0.152817   0.000115918   0.535896   0.000182765
4  1  103.267  0.136125   7.86884e-07   0.580829   5.73337e-05
4  2  22.7348  0.149931   0.000238052   0.535703   0.000378158
4  3  6.1089  0.159884   0.00045794   0.470514   0.000864793
4  4  1.37662  0.163059   0.000157371   0.459558   5.4555e-06
5  0  44.8804  0.130909   0.00010037   0.571282   0.000160132
5  1  170.504  0.124908   0.00012891   0.600191   0.000183428
5  2  57.2236  0.130064   0.00018195   0.567601   0.000299296
5  3  10.7902  0.144121   0.000379211   0.499278   0.000738868
5  4  1.56354  0.160401   0.000139789   0.39102   6.5622e-05
