0  0  0.141539  0.538324  10.4611   7.08566   30.283
0  1  0.132506  0.577227  33.3497   25.4206   129.831
0  2  0.141925  0.535122  12.432   8.30125   35.4654
0  3  0.15123  0.470715  4.2487   2.5394   9.54995
0  4  0.153212  0.413602  1.23847   0.982394   2.57382

1  0  0.143416  0.542898  8.78734   6.45929   21.5857
1  1  0.132643  0.586754  29.0763   24.6202   101.691
1  2  0.144001  0.53851  10.4495   7.53837   25.2003
1  3  0.158575  0.459446  3.17934   1.9443   5.40358
1  4  0.161372  0.355722  0.98878   0.873759   1.63107
