0  0  0.437003  0.136699   0.048949   0.400062   0.339285
0  1  0.565156  0.139999   0.0593246   0.403195   0.377093
0  2  0.50533  0.136145   0.0451679   0.400009   0.296997
0  3  0.474844  0.132672   0.0147934   0.400002   0.341246
1  0  0.353511  0.139994   0.0558952   0.412618   0.242481
1  1  0.49409  0.139999   0.0595452   0.433424   0.0814951
1  2  0.40207  0.13999   0.0552235   0.411275   0.255409
1  3  0.365058  0.137987   0.0527098   0.400006   0.365897
2  0  0.232353  0.14   0.0524156   0.436955   0.038849
2  1  0.34182  0.14   0.0532428   0.448762   0.0384416
2  2  0.260796  0.14   0.0523414   0.437391   0.0386656
2  3  0.217889  0.14   0.0529399   0.42286   0.0392357
3  0  0.222755  0.14   0.056091   0.431752   0.0397478
3  1  0.329601  0.14   0.0550952   0.443999   0.0391165
3  2  0.249664  0.14   0.0555886   0.431459   0.0396719
3  3  0.207193  0.14   0.0585944   0.416151   0.040236
4  0  2.53008  0.132902   0.0078944   0.4   0.0529334
4  1  2.56613  0.139195   0.044376   0.4   0.0579736
4  2  3.04695  0.132006   0.00833367   0.4   0.05136
4  3  3.81117  0.125546   0.00781471   0.4   0.0508875
5  0  1.98098  0.123823   0.0325509   0.504192   0.129263
5  1  3.08826  0.123188   0.0455622   0.523784   0.0630138
5  2  2.60167  0.121833   0.0503323   0.505951   0.102552
5  3  1.94085  0.122962   0.0508566   0.48471   0.108645
