0  0  60.2577  0.106399   1.01483e-05   0.6168   1.20796e-06
0  1  153.251  0.112702   1.48406e-05   0.588   1.84146e-06
0  2  51.8745  0.126112   2.11773e-05   0.5192   4.2202e-06
0  3  14.275  0.134304   3.78928e-05   0.4176   2.40205e-05
1  0  43.9161  0.11109   9.50038e-06   0.6168   1.46465e-06
1  1  115.629  0.117461   1.64039e-05   0.588   3.50514e-06
1  2  38.3094  0.129104   2.44006e-05   0.5192   6.81003e-06
1  3  8.8071  0.146766   4.54322e-05   0.4176   7.02636e-05
2  0  36.5401  0.11554   3.73801e-05   0.6168   6.24109e-06
2  1  122.018  0.124586   5.07727e-05   0.588   1.47024e-05
2  2  54.5156  0.118255   0.000682662   0.617543   0.00186507
2  3  8.76833  0.1328   2.77622e-05   0.56322   0.000401676
3  0  66.7762  0.105153   3.27256e-05   0.6168   8.58893e-07
3  1  203.618  0.114439   4.61653e-05   0.588   1.86337e-06
3  2  28.8346  0.136824   8.07201e-05   0.5192   8.13879e-06
3  3  4.23841  0.159513   0.000158734   0.4176   5.50297e-05
4  0  495.107  0.110122   4.65097e-05   0.6168   8.31404e-07
4  1  1434.95  0.112168   0.000186198   0.628662   0.000232809
4  2  26.7201  0.165506   0.0428266   0.519222   0.158634
4  3  41.2789  0.1328   1.57093e-05   0.539897   0.00027881
5  0  281.851  0.112538   5.65819e-05   0.6168   3.02025e-06
5  1  1519.9  0.107614   0.000200032   0.637004   0.000255928
5  2  116.542  0.130003   0.000390485   0.582664   0.000580282
5  3  30.6385  0.1328   2.29914e-05   0.54256   0.000324684
