0  0  99.0439  0.0918  8.68582e-05  0.812251  0.000305032
0  1  2539.79  0.0979695  0.000125521  0.775481  0.000146878
0  2  5420.1  0.119017  2.20795e-09  0.755467  7.93197e-09
0  3  15057.5  0.131754  8.32263e-10  0.572393  4.6224e-09
1  0  88.0791  0.0918685  0.00549565  0.812251  0.0762154
1  1  2207.23  0.0979695  2.87897e-05  0.791551  0.000151947
1  2  4463.03  0.119017  4.09147e-09  0.755467  1.46982e-08
1  3  12067.6  0.132866  3.89882e-06  0.624428  3.81832e-07
2  0  153.14  0.0918  0.00379301  0.812251  0.0448629
2  1  7412.75  0.0925268  0.00430886  0.802978  0.000714806
2  2  5633.51  0.119017  1.01322e-06  0.755467  2.43168e-06
2  3  8625.63  0.139504  5.15443e-08  0.624428  1.78655e-07
3  0  135.951  0.0919182  0.00400839  0.817826  0.0351056
3  1  6348.8  0.0925268  0.000448512  0.817769  0.000731968
3  2  5079.95  0.119017  3.87897e-05  0.761718  0.000296874
3  3  7956.56  0.139505  3.98155e-08  0.624428  1.38028e-07
4  0  3698.79  0.0918002  0.00416988  0.812251  0.00998336
4  1  134674  0.0925268  0.000145799  0.770784  0.000188028
4  2  39930.1  0.119017  1.73176e-06  0.755467  2.05257e-06
4  3  33834.9  0.139504  6.60387e-07  0.624428  1.43426e-06
5  0  2648.85  0.0918002  0.00284482  0.812251  0.038698
5  1  96606.9  0.0925268  0.000213248  0.770784  0.000296678
5  2  27970  0.119017  3.84149e-06  0.755467  4.60022e-06
5  3  25467.9  0.139504  1.05919e-06  0.624428  2.26887e-06
