0  1  179.649  0.113167  0.000516887  0.743196  0.00203253
0  2  137.725  0.115673  0.000475327  0.737296  0.0018739
0  3  111.312  0.117184  0.000487724  0.732681  0.00193028
0  4  88.2251  0.119158  0.000577847  0.726362  0.00230298
0  5  56.8537  0.123949  0.000540476  0.710961  0.00218758
0  6  31.9511  0.12937  0.000567588  0.689212  0.00236506
0  7  16.2971  0.136337  0.000594802  0.658061  0.00258876
0  8  8.14836  0.141754  0.000647068  0.625606  0.00297175
0  9  3.603  0.1482  0.000744671  0.579695  0.00370447
0  10  1.13348  0.16335  0.000947594  0.495139  0.00543031
0  11  0.485857  0.17043  0.00130574  0.4059  0.00938283
1  1  180.613  0.113167  0.000450471  0.743196  0.00177065
1  2  139.44  0.115673  0.0004543  0.737296  0.00179012
1  3  109.676  0.117184  0.000506624  0.732681  0.00200466
1  4  86.092  0.119158  0.000544589  0.726362  0.00217036
1  5  56.282  0.123949  0.000498502  0.710961  0.0020181
1  6  31.3719  0.12937  0.00052372  0.689212  0.00218503
1  7  15.9571  0.136337  0.000556714  0.658061  0.00242679
1  8  8.00934  0.141754  0.000619007  0.625606  0.0028485
1  9  3.53835  0.1482  0.000708709  0.579695  0.00353363
1  10  1.10919  0.16335  0.000911933  0.495139  0.00524401
1  11  0.481005  0.17043  0.00130596  0.4059  0.00939515
2  1  212.059  0.113167  0.0367302  0.746334  0.0127905
2  2  152.309  0.115673  0.033301  0.743564  0.0100237
2  3  120.42  0.117184  0.0417912  0.738236  0.01492
2  4  91.581  0.119161  0.0421685  0.726378  0.290664
2  5  54.3944  0.12395  0.0408086  0.711615  0.0478626
2  6  26.5087  0.12937  0.0478521  0.706447  0.0187187
2  7  12.6853  0.136339  0.0425025  0.663776  0.0171652
2  8  5.88729  0.141757  0.0301909  0.627318  0.0809031
2  9  2.33209  0.1482  0.003455  0.579695  0.0132472
2  10  0.387515  0.172249  0.0121481  0.517012  0.0711075
2  11  0.250051  0.170467  0.0623377  0.4059  0.137818
3  1  181.456  0.115241  0.00505247  0.743196  0.217941
3  2  137.649  0.117122  0.00328477  0.737935  0.061468
3  3  81.3345  0.12347  0.00616018  0.732681  0.236413
3  4  79.4805  0.120005  0.00326391  0.733278  0.0152992
3  5  29.832  0.134805  0.00267839  0.710987  0.145303
3  6  19.2128  0.135943  0.00687098  0.689212  0.261721
3  7  11.124  0.137057  0.00373921  0.672565  0.0148579
3  8  3.74663  0.15044  0.00834203  0.625606  0.21758
3  9  2.17518  0.148205  0.0421808  0.581417  0.217591
3  10  0.307702  0.179666  0.0164022  0.497076  0.147072
3  11  0.0723025  0.200429  0.0133688  0.522741  0.0398632
4  1  1841.02  0.113167  0.0183374  0.748083  0.00556566
4  2  1182.22  0.116452  0.00163107  0.73953  0.00702169
4  3  909.855  0.117185  0.0199132  0.739668  0.00661989
4  4  510.915  0.12248  0.00517632  0.726362  0.129821
4  5  352.289  0.123949  0.00482022  0.710961  0.0097906
4  6  160.085  0.12937  0.00795267  0.689212  0.0113084
4  7  63.0698  0.136337  0.00275451  0.658061  0.00557402
4  8  25.7315  0.141754  0.0330595  0.625606  0.0399536
4  9  8.9383  0.1482  0.00741507  0.579695  0.0208967
4  10  1.9434  0.16335  0.0124291  0.495139  0.0375191
4  11  0.66948  0.17043  0.0330168  0.4059  0.0873231
5  1  1349.62  0.113167  0.0299476  0.757187  0.0102629
5  2  931.539  0.115673  0.0223212  0.751564  0.0077889
5  3  683.953  0.117186  0.0164266  0.745323  0.00505508
5  4  498.714  0.119159  0.0266244  0.732835  0.00990717
5  5  251.272  0.12395  0.0251203  0.727375  0.00860822
5  6  119.134  0.129372  0.017641  0.689212  0.0921196
5  7  46.4739  0.136337  0.0308934  0.662256  0.0128456
5  8  19.6061  0.141754  0.0214414  0.625606  0.0804184
5  9  6.69667  0.1482  0.0122607  0.579695  0.0139867
5  10  1.39641  0.16335  0.0311687  0.495139  0.0984086
5  11  0.47481  0.171111  0.0163474  0.465924  0.0291011
