0  1  0.11431  0.750703  172.805  172.102  208.853
0  2  0.116841  0.744743  132.493  133.656  150.831
0  3  0.118368  0.740082  107.211  106.221  116.627
0  4  0.120362  0.733699  85.769  82.7072  88.7106
0  5  0.125201  0.718142  55.3555  54.8852  52.6856
0  6  0.130677  0.696174  31.356  30.9462  27.3041
0  7  0.137714  0.664708  16.4745  15.8782  12.5763
0  8  0.143186  0.631925  8.29287  8.14505  5.77164
0  9  0.149697  0.58555  3.78526  3.65576  2.344
0  10  0.165  0.50014  1.21547  1.20611  0.599009
0  11  0.172152  0.41  0.559121  0.550568  0.257358

1  1  0.11431  0.750703  172.805  172.102  208.853
1  2  0.116841  0.744743  132.493  133.656  150.831
1  3  0.118368  0.740082  107.211  106.221  116.627
1  4  0.120362  0.733699  85.769  82.7072  88.7106
1  5  0.125201  0.718142  55.3555  54.8852  52.6856
1  6  0.130677  0.696174  31.356  30.9462  27.3041
1  7  0.137714  0.664708  16.4745  15.8782  12.5763
1  8  0.143186  0.631925  8.29287  8.14505  5.77164
1  9  0.149697  0.58555  3.78526  3.65576  2.344
1  10  0.165  0.50014  1.21547  1.20611  0.599009
1  11  0.172152  0.41  0.559121  0.550568  0.257358
