0  0  40.5761  0.122355  0.0077016  0.713801  0.0404978
0  1  178.297  0.113256  0.00565571  0.743132  0.0326624
0  2  136.686  0.115744  0.00622194  0.737255  0.0352021
0  3  110.392  0.117263  0.00633838  0.732636  0.0354106
0  4  87.4974  0.119268  0.00685344  0.726286  0.037728
0  5  56.3806  0.124049  0.00716423  0.710855  0.0374231
0  6  31.658  0.129462  0.0091961  0.689116  0.045301
0  7  16.023  0.136635  0.0112009  0.657605  0.0525096
0  8  7.92603  0.142355  0.0125404  0.624812  0.0556238
0  9  3.36816  0.150185  0.0129647  0.575497  0.0531217
0  10  1.09238  0.16335  0.01901  0.503499  0.0670616
0  11  0.41838  0.17494  0.021232  0.4059  0.0642796
1  0  0.0425134  2.44149  0.0134072  0.713018  0.0164662
1  1  179.387  0.113256  0.00493292  0.743132  0.0287417
1  2  138.502  0.115744  0.00539418  0.737255  0.0308027
1  3  108.972  0.117263  0.00565657  0.732636  0.0319676
1  4  85.4288  0.119268  0.00567343  0.726287  0.0317098
1  5  55.8242  0.124049  0.00673424  0.710855  0.0352446
1  6  31.0977  0.129462  0.0085106  0.689116  0.0421921
1  7  15.7121  0.136635  0.00927986  0.657605  0.0434566
1  8  7.80702  0.142355  0.0108351  0.624812  0.0481465
1  9  3.31069  0.150185  0.0124675  0.575497  0.0512264
1  10  1.07423  0.16335  0.0155322  0.503499  0.0556678
1  11  0.416959  0.17494  0.0175125  0.405901  0.0542053
2  0  412.807  0.122355  0.00488761  0.713801  0.00673962
2  1  2187.93  0.113256  0.00536813  0.743132  0.00563611
2  2  1583.75  0.115744  0.00488918  0.737255  0.00640544
2  3  1240.56  0.117263  0.00559345  0.732636  0.00819707
2  4  927.22  0.119268  0.00471168  0.726286  0.00605561
2  5  553.601  0.124049  0.00493034  0.710855  0.00641467
2  6  285.779  0.129462  0.00647204  0.689116  0.0280203
2  7  130.22  0.136635  0.00622845  0.657605  0.00817247
2  8  59.1044  0.142355  0.00284782  0.624812  0.00867417
2  9  22.2107  0.150185  0.00227757  0.575497  0.00808289
2  10  5.92219  0.16335  0.00283458  0.503499  0.0117558
2  11  2.17981  0.17494  0.00539309  0.4059  0.0498306
3  0  0.0970536  2.44149  0.00444934  0.713018  0.00829422
3  1  1996.42  0.113747  0.00473914  0.743134  0.0254504
3  2  1371.66  0.117255  0.00443579  0.737255  0.0241426
3  3  950.507  0.120747  0.00487452  0.732639  0.0179912
3  4  859.326  0.119272  0.00276826  0.726288  0.0308811
3  5  450.836  0.126694  0.00681228  0.710867  0.0372461
3  6  249.411  0.130796  0.00748778  0.689117  0.0265027
3  7  107.568  0.138978  0.00324085  0.657614  0.0208869
3  8  49.1449  0.144529  0.00717187  0.624827  0.0228169
3  9  20.6303  0.150185  0.013053  0.575497  0.0499213
3  10  5.66125  0.16335  0.015126  0.503499  0.0474599
3  11  1.74126  0.175003  0.024669  0.496256  0.0419041
4  0  234.102  0.124225  0.00425669  0.714587  0.0287985
4  1  1806.07  0.113262  0.00526852  0.750846  0.00211346
4  2  1226.79  0.115749  0.00621739  0.745745  0.00251281
4  3  899.62  0.117358  0.00578951  0.739091  0.00269901
4  4  559.595  0.12115  0.00560439  0.730323  0.0204922
4  5  345.186  0.124052  0.00713313  0.713597  0.00505948
4  6  159.25  0.129463  0.00356467  0.689116  0.0148766
4  7  62.3857  0.136635  0.00482575  0.657605  0.00543206
4  8  25.7845  0.142355  0.00980185  0.624812  0.00725178
4  9  8.39796  0.150185  0.00271327  0.575497  0.00623129
4  10  1.9539  0.16335  0.00277041  0.503499  0.00791862
4  11  0.596438  0.17494  0.00328951  0.4059  0.0119021
5  0  0.00173286  2.44149  0.0318585  0.713018  0.325479
5  1  1314.99  0.113256  0.00933563  0.763069  0.00411052
5  2  907.295  0.115744  0.00742511  0.757817  0.00315462
5  3  668.283  0.117264  0.00505088  0.750428  0.00222891
5  4  482.148  0.119268  0.00861206  0.740237  0.00426142
5  5  252.763  0.124053  0.00822451  0.724455  0.00359357
5  6  118.127  0.12947  0.0053058  0.689944  0.0224637
5  7  46.6955  0.136635  0.00786708  0.657605  0.0298952
5  8  19.4612  0.142355  0.00777967  0.624812  0.006432
5  9  6.31445  0.150185  0.00258812  0.575497  0.00585504
5  10  1.43718  0.16335  0.003962  0.503499  0.0114184
5  11  0.472316  0.17494  0.0106243  0.4059  0.0275566
