0  0  0.847335  0.163648   0.00756006   0.38554   0.529212   0.000947774   0.38095
0  1  1.40366  0.167188   0.00425638   0.404219   0.535496   0.00193373   0.412185
0  2  0.938373  0.17325   0.0153787   0.392858   0.4956   0.00122907   0.408637
0  3  0.541024  0.1785   0.0124391   0.392043   0.436805   0.000933789   0.413471
0  4  0.20998  0.183752   0.00809115   0.391212   0.352805   0.000280809   0.416635
1  0  1.36197  0.147614   0.00259476   0.407806   0.535386   0.000759239   0.407032
1  1  2.20824  0.151623   0.00269789   0.407806   0.535445   0.00112974   0.407035
1  2  0.974236  0.17325   0.0065933   0.396791   0.4956   0.0022443   0.403485
1  3  0.561456  0.1785   0.0242749   0.395994   0.4368   0.00263149   0.401567
1  4  0.216852  0.18375   0.0186122   0.395195   0.3528   0.000553706   0.392462
2  0  0.328693  0.173999   0.00189531   0.413717   0.535498   0.000327514   0.422398
2  1  0.60442  0.174   0.00753678   0.414588   0.535499   0.000888986   0.429962
2  2  0.303807  0.189472   0.00301324   0.4058   0.4956   0.0003871   0.422947
2  3  0.174605  0.193001   0.00313799   0.405108   0.4368   0.000139667   0.417817
2  4  0.0793861  0.188956   0.000966381   0.404432   0.3528   6.40257e-05   0.408232
3  0  0.315611  0.173931   0.00153743   0.419442   0.5355   0.000193561   0.321593
3  1  0.592453  0.173999   0.00402235   0.419442   0.5355   0.000568253   0.321593
3  2  0.283093  0.189902   0.0038188   0.41411   0.501496   0.000315652   0.32389
3  3  0.154585  0.195341   0.00154147   0.413562   0.441934   8.98329e-05   0.327871
3  4  0.0558831  0.199836   0.000649034   0.413013   0.356414   2.79669e-05   0.333476
4  0  1.00686  0.173994   0.00224413   0.424095   0.535491   0.000267091   0.705515
4  1  1.83179  0.174   0.00568951   0.424095   0.5355   0.000424937   0.705516
4  2  0.34281  0.215881   0.00223241   0.418974   0.5015   0.000288328   0.706815
4  3  0.212266  0.216044   0.00163643   0.418448   0.442   0.000106469   0.709084
4  4  0.0956178  0.212147   0.00047339   0.417921   0.354387   2.44375e-05   0.712313
5  0  0.640124  0.173998   0.00300498   0.387763   0.5355   0.00060521   0.408678
5  1  1.14551  0.174   0.0118326   0.387763   0.5355   0.00136661   0.408678
5  2  0.105344  0.247499   0.00500566   0.380769   0.501495   0.000327805   0.410155
5  3  0.0559591  0.254958   0.00218596   0.380048   0.441997   0.000285824   0.353921
5  4  0.0207341  0.259003   0.00133484   0.379326   0.357   7.29306e-05   0.358168
