0  0  0.140881  0.184141  0.00684508  0.304001  0.00407181
0  1  0.204561  0.18414  0.00892525  0.304  0.00431493
0  2  0.155527  0.18612  0.00888729  0.264002  0.00344926
0  3  0.119355  0.19008  0.00921381  0.232  0.00475673
1  0  0.131952  0.184141  0.00417062  0.30402  0.00380268
1  1  0.19178  0.184141  0.00545331  0.304005  0.00231844
1  2  0.145473  0.18612  0.00501643  0.264  0.00370887
1  3  0.111687  0.19008  0.00603832  0.232  0.00204764
2  0  0.0665702  0.184188  0.000790159  0.304028  0.000712888
2  1  0.0986218  0.184167  0.00111692  0.304805  0.000507826
2  2  0.071485  0.186194  0.00130229  0.264132  0.000471299
2  3  0.0535707  0.190082  0.00132804  0.260374  0.000687138
3  0  0.0600361  0.184219  0.000122237  0.3411  0.000130127
3  1  0.0908859  0.184386  0.000276248  0.341812  0.000167587
3  2  0.0648169  0.18613  0.00050248  0.285854  0.000198706
3  3  0.0477013  0.190108  0.00021201  0.260877  0.00010352
4  0  0.233212  0.184375  0.000446226  0.304015  0.00053089
4  1  0.340209  0.185063  0.000595611  0.304  0.000645391
4  2  0.247586  0.186367  0.000608151  0.264001  0.000434392
4  3  0.173623  0.190082  0.000861987  0.259912  0.000365558
5  0  0.0170483  0.241792  0.000913255  0.341916  0.000672508
5  1  0.0252898  0.241777  0.00177163  0.341959  0.000709448
5  2  0.018175  0.244379  0.000889672  0.296941  0.000379742
5  3  0.0132367  0.248947  0.000643846  0.260974  0.000417016
