0  0  17.3639  0.12771   0.000852746   0.151855   0.693   0.00349543   0.0849856
0  1  44.627  0.12771   0.000484914   0.151855   0.693   0.00200934   0.0849856
0  2  16.0864  0.13662   0.00080382   0.178519   0.6732   0.00332244   0.0911307
0  3  5.91169  0.14355   0.00187987   0.196775   0.594   0.0152472   0.145901
0  4  0.900286  0.17325   0.013425   0.260929   0.396   0.0029683   0.235024
1  0  15.2812  0.12771   0.00180942   0.151855   0.693   0.00736403   0.0849856
1  1  39.5651  0.12771   0.00553839   0.151855   0.693   0.0230285   0.0849856
1  2  14.2307  0.13662   0.00135185   0.178519   0.6732   0.00560842   0.0911307
1  3  5.20885  0.14355   0.00383822   0.196775   0.594   0.0216892   0.14821
1  4  0.787937  0.17325   0.0166564   0.260929   0.396   0.00462019   0.235623
2  0  13.6017  0.12771   0.0102129   0.189955   0.698894   0.00478051   0.104255
2  1  35.9793  0.12771   0.00628315   0.189955   0.706316   0.0180908   0.107311
2  2  11.2368  0.13662   0.01243   0.17428   0.677992   0.00464589   0.0848484
2  3  2.73537  0.150591   0.00319306   0.191776   0.606   0.00190039   0.133012
2  4  0.298851  0.184548   0.000996531   0.25343   0.404   0.000304274   0.229707
3  0  13.742  0.12771   0.00265048   0.217852   0.693   0.00104879   0.221299
3  1  36.9732  0.127805   0.00494622   0.217852   0.693   0.00332697   0.221299
3  2  11.3361  0.13662   0.00385409   0.199054   0.6732   0.00285787   0.211576
3  3  3.17738  0.146248   0.000866401   0.189875   0.605814   0.000450973   0.167121
3  4  0.398555  0.173275   0.00101796   0.249351   0.403978   0.000274629   0.259792
4  0  38.9472  0.138249   0.00396336   0.299418   0.707   0.00352885   0.558269
4  1  56.5582  0.14835   0.0124334   0.299418   0.707   0.00873788   0.564293
4  2  20.8923  0.15299   0.00479727   0.288371   0.686798   0.00307512   0.538555
4  3  4.71601  0.166709   0.00262722   0.279477   0.606   0.00100092   0.569734
4  4  0.340428  0.201249   0.00259043   0.242873   0.403995   0.000831065   0.511337
5  0  16.8095  0.14835   0.00870078   0.151855   0.707   0.0059066   0.0849856
5  1  41.9361  0.14835   0.00607947   0.151855   0.707   0.00424998   0.0792182
5  2  12.0428  0.1587   0.0114981   0.178519   0.6868   0.0074358   0.0907264
5  3  3.56333  0.166749   0.00471058   0.196775   0.606   0.00159654   0.150781
5  4  0.316566  0.201247   0.00177372   0.260929   0.403998   0.000311235   0.312314
