0  0  40.5761  0.122355   0.0077016   0.37441   0.713801   0.0404978   0.355454
0  1  178.297  0.113256   0.00565571   0.160027   0.743132   0.0326624   0.100482
0  2  136.686  0.115744   0.00622194   0.151793   0.737255   0.0352021   0.0951682
0  3  110.392  0.117263   0.00633838   0.14654   0.732636   0.0354106   0.0907743
0  4  87.4974  0.119268   0.00685344   0.139299   0.726286   0.037728   0.0843604
0  5  56.3806  0.124049   0.00716423   0.143151   0.710855   0.0374231   0.0662362
0  6  31.658  0.129462   0.0091961   0.161488   0.689116   0.045301   0.0821557
0  7  16.023  0.136635   0.0112009   0.182976   0.657605   0.0525096   0.111012
0  8  7.92603  0.142355   0.0125404   0.198451   0.624812   0.0556238   0.133524
0  9  3.36816  0.150185   0.0129647   0.21786   0.575497   0.0531217   0.161553
0  10  1.09238  0.16335   0.01901   0.24708   0.503499   0.0670616   0.193423
0  11  0.41838  0.17494   0.021232   0.270201   0.4059   0.0642796   0.23265
1  0  0.0425134  2.44149   0.0134072   1.61475   0.713018   0.0164662   0.182016
1  1  179.387  0.113256   0.00493292   0.108645   0.743132   0.0287417   0.0522166
1  2  138.502  0.115744   0.00539418   0.120737   0.737255   0.0308027   0.0415702
1  3  108.972  0.117263   0.00565657   0.127556   0.732636   0.0319676   0.0445507
1  4  85.4288  0.119268   0.00567343   0.136039   0.726287   0.0317098   0.0553503
1  5  55.8242  0.124049   0.00673424   0.15439   0.710855   0.0352446   0.0754022
1  6  31.0977  0.129462   0.0085106   0.172833   0.689116   0.0421921   0.0968452
1  7  15.7121  0.136635   0.00927986   0.194596   0.657605   0.0434566   0.121379
1  8  7.80702  0.142355   0.0108351   0.210344   0.624812   0.0481465   0.142495
1  9  3.31069  0.150185   0.0124675   0.23016   0.575497   0.0512264   0.168343
1  10  1.07423  0.16335   0.0155322   0.260097   0.503499   0.0556678   0.200367
1  11  0.416959  0.17494   0.0175125   0.283851   0.405901   0.0542053   0.237563
2  0  412.807  0.122355   0.00488761   0.144369   0.713801   0.00673962   0.0589372
2  1  2187.93  0.113256   0.00536813   0.117556   0.743132   0.00563611   0.0563856
2  2  1583.75  0.115744   0.00488918   0.116749   0.737255   0.00640544   0.0472401
2  3  1240.56  0.117263   0.00559345   0.123641   0.732636   0.00819707   0.0376204
2  4  927.22  0.119268   0.00471168   0.132193   0.726286   0.00605561   0.0385076
2  5  553.601  0.124049   0.00493034   0.150633   0.710855   0.00641467   0.0632274
2  6  285.779  0.129462   0.00647204   0.169102   0.689116   0.0280203   0.0873036
2  7  130.22  0.136635   0.00622845   0.19084   0.657605   0.00817247   0.112617
2  8  59.1044  0.142355   0.00284782   0.206543   0.624812   0.00867417   0.134437
2  9  22.2107  0.150185   0.00227757   0.226277   0.575497   0.00808289   0.162604
2  10  5.92219  0.16335   0.00283458   0.256052   0.503499   0.0117558   0.197204
2  11  2.17981  0.17494   0.00539309   0.279653   0.4059   0.0498306   0.23612
3  0  0.0970536  2.44149   0.00444934   1.58663   0.713018   0.00829422   0.175216
3  1  1996.42  0.113747   0.00473914   0.128706   0.743134   0.0254504   0.0710437
3  2  1371.66  0.117255   0.00443579   0.117841   0.737255   0.0241426   0.0645915
3  3  950.507  0.120747   0.00487452   0.121555   0.732639   0.0179912   0.0581046
3  4  859.326  0.119272   0.00276826   0.130135   0.726288   0.0308811   0.0446742
3  5  450.836  0.126694   0.00681228   0.148603   0.710867   0.0372461   0.0667309
3  6  249.411  0.130796   0.00748778   0.167068   0.689117   0.0265027   0.0795802
3  7  107.568  0.138978   0.00324085   0.188771   0.657614   0.0208869   0.117512
3  8  49.1449  0.144529   0.00717187   0.204435   0.624827   0.0228169   0.168467
3  9  20.6303  0.150185   0.013053   0.224109   0.575497   0.0499213   0.239247
3  10  5.66125  0.16335   0.015126   0.253772   0.503499   0.0474599   0.299603
3  11  1.74126  0.175003   0.024669   0.277272   0.496256   0.0419041   0.326469
4  0  234.102  0.124225   0.00425669   0.139949   0.714587   0.0287985   0.0352216
4  1  1806.07  0.113262   0.00526852   0.141975   0.750846   0.00211346   0.0651448
4  2  1226.79  0.115749   0.00621739   0.132375   0.745745   0.00251281   0.057641
4  3  899.62  0.117358   0.00578951   0.126156   0.739091   0.00269901   0.0516627
4  4  559.595  0.12115   0.00560439   0.127741   0.730323   0.0204922   0.0420063
4  5  345.186  0.124052   0.00713313   0.146215   0.713597   0.00505948   0.041764
4  6  159.25  0.129463   0.00356467   0.16465   0.689116   0.0148766   0.0726243
4  7  62.3857  0.136635   0.00482575   0.186287   0.657605   0.00543206   0.103367
4  8  25.7845  0.142355   0.00980185   0.201888   0.624812   0.00725178   0.135117
4  9  8.39796  0.150185   0.00271327   0.221467   0.575497   0.00623129   0.204938
4  10  1.9539  0.16335   0.00277041   0.250968   0.503499   0.00791862   0.289866
4  11  0.596438  0.17494   0.00328951   0.274325   0.4059   0.0119021   0.323871
5  0  0.00173286  2.44149   0.0318585   1.54237   0.713018   0.325479   0.169161
5  1  1314.99  0.113256   0.00933563   0.168991   0.763069   0.00411052   0.0898501
5  2  907.295  0.115744   0.00742511   0.161324   0.757817   0.00315462   0.0865019
5  3  668.283  0.117264   0.00505088   0.15646   0.750428   0.00222891   0.0840666
5  4  482.148  0.119268   0.00861206   0.149794   0.740237   0.00426142   0.0751735
5  5  252.763  0.124053   0.00822451   0.141766   0.724455   0.00359357   0.0497616
5  6  118.127  0.12947   0.0053058   0.160023   0.689944   0.0224637   0.0552934
5  7  46.6955  0.136635   0.00786708   0.181405   0.657605   0.0298952   0.091081
5  8  19.4612  0.142355   0.00777967   0.1968   0.624812   0.006432   0.136132
5  9  6.31445  0.150185   0.00258812   0.216101   0.575497   0.00585504   0.212041
5  10  1.43718  0.16335   0.003962   0.245153   0.503499   0.0114184   0.288748
5  11  0.472316  0.17494   0.0106243   0.268135   0.4059   0.0275566   0.31735
