0  0  0.140881  0.184141   0.00684508   0.307745   0.304001   0.00407181   0.804326
0  1  0.204561  0.18414   0.00892525   0.301339   0.304   0.00431493   0.824027
0  2  0.155527  0.18612   0.00888729   0.298221   0.264002   0.00344926   0.783771
0  3  0.119355  0.19008   0.00921381   0.406915   0.232   0.00475673   0.796818
1  0  0.131952  0.184141   0.00417062   0.407864   0.30402   0.00380268   0.835103
1  1  0.19178  0.184141   0.00545331   0.407864   0.304005   0.00231844   0.854565
1  2  0.145473  0.18612   0.00501643   0.407547   0.264   0.00370887   0.834031
1  3  0.111687  0.19008   0.00603832   0.406913   0.232   0.00204764   0.820879
2  0  0.0665702  0.184188   0.000790159   0.409827   0.304028   0.000712888   0.851869
2  1  0.0986218  0.184167   0.00111692   0.409827   0.304805   0.000507826   0.873692
2  2  0.071485  0.186194   0.00130229   0.40961   0.264132   0.000471299   0.850634
2  3  0.0535707  0.190082   0.00132804   0.408883   0.260374   0.000687138   0.83645
3  0  0.0600361  0.184219   0.000122237   0.413616   0.3411   0.000130127   0.466922
3  1  0.0908859  0.184386   0.000276248   0.413599   0.341812   0.000167587   0.467056
3  2  0.0648169  0.18613   0.00050248   0.413314   0.285854   0.000198706   0.47165
3  3  0.0477013  0.190108   0.00021201   0.412701   0.260877   0.00010352   0.476424
4  0  0.233212  0.184375   0.000446226   0.407865   0.304015   0.00053089   0.873198
4  1  0.340209  0.185063   0.000595611   0.407864   0.304   0.000645391   0.872226
4  2  0.247586  0.186367   0.000608151   0.407548   0.264001   0.000434392   0.874417
4  3  0.173623  0.190082   0.000861987   0.406916   0.259912   0.000365558   0.876243
5  0  0.0170483  0.241792   0.000913255   0.408069   0.341916   0.000672508   0.348742
5  1  0.0252898  0.241777   0.00177163   0.407865   0.341959   0.000709448   0.872233
5  2  0.018175  0.244379   0.000889672   0.40768   0.296941   0.000379742   0.354041
5  3  0.0132367  0.248947   0.000643846   0.406931   0.260974   0.000417016   0.876486
