0  0  52.4078  0.1089   0.000525929   0.0937702   0.7722   0.0019057   0.0396539
0  1  152.432  0.1089   0.00241422   0.0937702   0.7722   0.0084071   0.0398327
0  2  32.079  0.1386   0.000812955   0.207914   0.6732   0.00331317   0.123486
0  3  7.04594  0.1584   0.00133906   0.257264   0.5148   0.00720512   0.202241
1  0  47.4321  0.1089   0.000804157   0.0937702   0.7722   0.00287251   0.0398327
1  1  145.287  0.1089   0.00307498   0.0937702   0.7722   0.0185036   0.0398327
1  2  27.1674  0.1386   0.00100029   0.207914   0.6732   0.00404816   0.123486
1  3  6.51986  0.1584   0.00454829   0.257264   0.5148   0.0188115   0.202852
2  0  56.9409  0.1089   0.00276096   0.237765   0.7722   0.00969183   0.168826
2  1  275.123  0.1089   0.000510232   0.237765   0.7722   0.0010285   0.166936
2  2  16.0247  0.152476   0.00785579   0.178889   0.6868   0.0243837   0.100658
2  3  1.35372  0.2   0.00634993   0.223694   0.5252   0.00729177   0.193172
3  0  55.8056  0.1089   0.00226276   0.291224   0.7722   0.00429743   0.277175
3  1  258.74  0.1089   0.000761115   0.291224   0.7722   0.00149226   0.261036
3  2  27.6103  0.1386   0.00190949   0.247259   0.6732   0.00490589   0.229227
3  3  4.5052  0.159505   0.0131532   0.218814   0.525177   0.00410265   0.117025
4  0  641.283  0.1089   0.00987359   0.0937702   0.7722   0.0064548   0.0355884
4  1  2225.9  0.1089   0.0040974   0.0937702   0.783365   0.00900044   0.0375475
4  2  25.5863  0.167763   0.0214083   0.207914   0.6868   0.0102103   0.122377
4  3  2.2374  0.2   0.0132422   0.257264   0.5252   0.00299305   0.202852
5  0  433.386  0.1089   0.0190173   0.0937702   0.7878   0.0122871   0.0398322
5  1  1484.14  0.1089   0.0587281   0.0937702   0.7878   0.00246081   0.0362072
5  2  11.8259  0.175   0.00936092   0.207914   0.6868   0.0156465   0.122859
5  3  1.4707  0.2   0.0197549   0.257264   0.5252   0.00627727   0.314493
