0  0  0.847335  0.163648  0.00756006  0.529212  0.000947774
0  1  1.40366  0.167188  0.00425638  0.535496  0.00193373
0  2  0.938373  0.17325  0.0153787  0.4956  0.00122907
0  3  0.541024  0.1785  0.0124391  0.436805  0.000933789
0  4  0.20998  0.183752  0.00809115  0.352805  0.000280809
1  0  1.36197  0.147614  0.00259476  0.535386  0.000759239
1  1  2.20824  0.151623  0.00269789  0.535445  0.00112974
1  2  0.974236  0.17325  0.0065933  0.4956  0.0022443
1  3  0.561456  0.1785  0.0242749  0.4368  0.00263149
1  4  0.216852  0.18375  0.0186122  0.3528  0.000553706
2  0  0.328693  0.173999  0.00189531  0.535498  0.000327514
2  1  0.60442  0.174  0.00753678  0.535499  0.000888986
2  2  0.303807  0.189472  0.00301324  0.4956  0.0003871
2  3  0.174605  0.193001  0.00313799  0.4368  0.000139667
2  4  0.0793861  0.188956  0.000966381  0.3528  6.40257e-05
3  0  0.315611  0.173931  0.00153743  0.5355  0.000193561
3  1  0.592453  0.173999  0.00402235  0.5355  0.000568253
3  2  0.283093  0.189902  0.0038188  0.501496  0.000315652
3  3  0.154585  0.195341  0.00154147  0.441934  8.98329e-05
3  4  0.0558831  0.199836  0.000649034  0.356414  2.79669e-05
4  0  1.00686  0.173994  0.00224413  0.535491  0.000267091
4  1  1.83179  0.174  0.00568951  0.5355  0.000424937
4  2  0.34281  0.215881  0.00223241  0.5015  0.000288328
4  3  0.212266  0.216044  0.00163643  0.442  0.000106469
4  4  0.0956178  0.212147  0.00047339  0.354387  2.44375e-05
5  0  0.640124  0.173998  0.00300498  0.5355  0.00060521
5  1  1.14551  0.174  0.0118326  0.5355  0.00136661
5  2  0.105344  0.247499  0.00500566  0.501495  0.000327805
5  3  0.0559591  0.254958  0.00218596  0.441997  0.000285824
5  4  0.0207341  0.259003  0.00133484  0.357  7.29306e-05
