0  0  1.36787  0.1386   0.00124378   0.0340641   0.682   0.0494729   0.263281
0  1  24.9048  0.1386   0.000276098   0.0380818   0.682219   0.00112643   0.256324
0  2  147.74  0.1485   2.09408e-06   0.0378299   0.6501   8.71285e-06   0.292029
0  3  883.664  0.15345   8.98691e-08   0.0384766   0.583   4.28481e-07   0.323274
0  4  2777.2  0.1683   2.32453e-09   0.0326442   0.484   1.36374e-08   0.372846
1  0  1.42028  0.1386   0.00200798   0.0342034   0.682   0.0392196   0.0808912
1  1  25.9081  0.1386   5.04078e-05   0.0266948   0.682219   0.000204562   0.0951931
1  2  153.341  0.1485   7.53108e-07   0.0175048   0.6501   3.16363e-06   0.260764
1  3  917.08  0.15345   2.27676e-08   0.0135388   0.583   1.11397e-07   0.0785377
1  4  2867.62  0.1683   1.01189e-09   0.00077646   0.484   6.05834e-09   0.136189
2  0  0.865293  0.13886   0.00121042   0.0488635   0.682098   0.0427644   0.21674
2  1  15.3032  0.140583   0.00122254   0.0531224   0.682227   0.0477801   0.157744
2  2  86.3611  0.1485   0.00292488   0.00519079   0.6501   0.00797626   0.146973
2  3  412.582  0.15655   0.000809762   0.00778099   0.604394   0.00180341   0.0851477
2  4  1081.61  0.1717   0.000547545   0.00962962   0.509692   0.000591378   0.104935
3  0  0.774496  0.141396   0.0018723   0.0311967   0.682032   0.0417213   0.246974
3  1  16.7072  0.1386   0.00221369   0.0355307   0.682219   0.0335667   0.0782315
3  2  85.8249  0.1485   0.000221447   0.0375401   0.6501   0.000690904   0.159793
3  3  487.862  0.15345   1.18069e-05   0.031149   0.583   4.27689e-05   0.0983465
3  4  1278.63  0.1683   8.91238e-07   0.00337372   0.484   3.83292e-06   0.0654349
4  0  4.99682  0.138663   0.00114474   0.0212371   0.682   0.0318468   0.0979325
4  1  96.155  0.1386   0.00118405   0.0268258   0.682219   0.0381102   0.168637
4  2  412.378  0.1485   0.000490879   0.061342   0.6501   0.00100778   0.15897
4  3  2108.8  0.15345   3.32543e-05   0.0297949   0.583   8.21154e-05   0.230856
4  4  4337.53  0.1683   3.37308e-06   0.0129752   0.484   1.05189e-05   0.163624
5  0  3.98754  0.138629   0.00216648   0.0244221   0.682001   0.0304286   0.273109
5  1  76.3241  0.1386   0.00137892   0.045449   0.682219   0.0427558   0.145503
5  2  328.813  0.1485   0.000723898   0.0467206   0.6501   0.00151482   0.140227
5  3  1681.46  0.15345   5.4892e-05   0.0160769   0.583   0.000137947   0.186948
5  4  3474.46  0.1683   6.0407e-06   0.00981592   0.484   1.92098e-05   0.135974
