0  0  24.7835  0.114  0.000228855  0.748  0.000878685
0  1  574.677  0.114  1.86127e-07  0.791876  5.95776e-07
0  2  1650.27  0.1311  8.40916e-09  0.748  2.86193e-08
0  3  6022.98  0.13775  5.98358e-10  0.686805  2.39392e-09
0  4  13679.2  0.152  9.5991e-11  0.55  5.09672e-10
1  0  21.8041  0.114  0.000415914  0.748  0.0016033
1  1  504.974  0.114  2.98363e-07  0.791876  9.53303e-07
1  2  1456.84  0.1311  1.26284e-08  0.748  4.30335e-08
1  3  5307.87  0.13775  8.89323e-10  0.686805  3.57403e-09
1  4  11972.5  0.152  1.40369e-10  0.55  7.56558e-10
2  0  23.0369  0.114  0.00895506  0.748  0.0525408
2  1  530.466  0.114  3.13221e-05  0.791876  6.18062e-05
2  2  1117.94  0.1311  1.94118e-06  0.748  4.41067e-06
2  3  3634.54  0.13775  2.29417e-07  0.686805  6.51215e-07
2  4  6592.13  0.154065  4.48894e-05  0.55  4.48123e-05
3  0  23.5356  0.114  0.00869701  0.748  0.0531141
3  1  544.62  0.114  3.08156e-05  0.791876  6.08814e-05
3  2  1142.65  0.1311  1.9326e-06  0.748  4.39806e-06
3  3  3665.2  0.13775  2.37278e-07  0.686805  6.7503e-07
3  4  6069.28  0.155595  4.65098e-05  0.55  6.28308e-05
4  0  208.099  0.114005  0.00819835  0.748  0.0307211
4  1  5160.62  0.114  0.000195032  0.791876  0.000171293
4  2  6719.91  0.1311  1.18603e-05  0.748  1.43407e-05
4  3  18751.7  0.13775  1.25785e-06  0.686805  2.18484e-06
4  4  27674.4  0.152  1.79231e-05  0.57576  0.000178485
5  0  172.98  0.114  0.00891572  0.748  0.0516176
5  1  4276.85  0.114  0.000196776  0.791876  0.000172118
5  2  5602.92  0.1311  1.06901e-05  0.748  1.27661e-05
5  3  15639.1  0.13775  8.61179e-07  0.686805  1.46246e-06
5  4  24062.1  0.152  2.98694e-07  0.55  8.33777e-07
