0  0  99.0439  0.0918   8.68582e-05   0.0140427   0.812251   0.000305032   0.0601277
0  1  2539.79  0.0979695   0.000125521   0.0150392   0.775481   0.000146878   0.0502285
0  2  5420.1  0.119017   2.20795e-09   0.0524967   0.755467   7.93197e-09   0.253729
0  3  15057.5  0.131754   8.32263e-10   0.0354013   0.572393   4.6224e-09   0.232168
1  0  88.0791  0.0918685   0.00549565   0.0247617   0.812251   0.0762154   0.0985782
1  1  2207.23  0.0979695   2.87897e-05   0.022304   0.791551   0.000151947   0.0863131
1  2  4463.03  0.119017   4.09147e-09   0.00880652   0.755467   1.46982e-08   0.0411242
1  3  12067.6  0.132866   3.89882e-06   0.0257993   0.624428   3.81832e-07   0.119201
2  0  153.14  0.0918   0.00379301   0.0260587   0.812251   0.0448629   0.0709672
2  1  7412.75  0.0925268   0.00430886   0.0383388   0.802978   0.000714806   0.0746126
2  2  5633.51  0.119017   1.01322e-06   0.0389174   0.755467   2.43168e-06   0.142511
2  3  8625.63  0.139504   5.15443e-08   0.0645738   0.624428   1.78655e-07   0.232003
3  0  135.951  0.0919182   0.00400839   0.0422898   0.817826   0.0351056   0.201623
3  1  6348.8  0.0925268   0.000448512   0.0489859   0.817769   0.000731968   0.243296
3  2  5079.95  0.119017   3.87897e-05   0.0431084   0.761718   0.000296874   0.141036
3  3  7956.56  0.139505   3.98155e-08   0.0661536   0.624428   1.38028e-07   0.0749811
4  0  3698.79  0.0918002   0.00416988   0.0135006   0.812251   0.00998336   0.0624896
4  1  134674  0.0925268   0.000145799   0.034938   0.770784   0.000188028   0.0335362
4  2  39930.1  0.119017   1.73176e-06   0.0444461   0.755467   2.05257e-06   0.124757
4  3  33834.9  0.139504   6.60387e-07   0.0320276   0.624428   1.43426e-06   0.154898
5  0  2648.85  0.0918002   0.00284482   0.0215679   0.812251   0.038698   0.0641943
5  1  96606.9  0.0925268   0.000213248   0.0219846   0.770784   0.000296678   0.0520469
5  2  27970  0.119017   3.84149e-06   0.0229759   0.755467   4.60022e-06   0.0368882
5  3  25467.9  0.139504   1.05919e-06   0.0255169   0.624428   2.26887e-06   0.13473
