0  0  0.167711  0.174526   0.00535824   0.0275266   0.403042   0.00881535   0.0868489
0  1  2.45537  0.1743   0.00184347   0.022878   0.399   0.0173613   0.0849455
0  2  19.3608  0.17535   2.94515e-05   0.0218303   0.3465   0.000261108   0.0452456
0  3  153.022  0.1785   3.76842e-07   0.0176629   0.294   4.02596e-06   0.0685534
1  0  0.157009  0.174526   0.00343044   0.0232379   0.40304   0.00940384   0.0916541
1  1  2.30174  0.1743   0.0064313   0.0191987   0.399   0.0199702   0.0883362
1  2  18.1121  0.17535   4.96052e-05   0.0176135   0.3465   0.000450201   0.045943
1  3  143.067  0.1785   6.27531e-07   0.0127098   0.294   6.81676e-06   0.064628
2  0  0.0757528  0.176015   0.00367554   0.0294359   0.403063   0.0128594   0.0547195
2  1  0.910766  0.1826   0.00419415   0.0309773   0.418   0.0119574   0.0835378
2  2  6.98122  0.1837   0.00567594   0.00398417   0.363   0.0131591   0.0720678
2  3  52.7247  0.187   9.53143e-05   0.0195468   0.308   0.000611038   0.0369229
3  0  0.0745709  0.17536   0.00554088   0.0148342   0.403085   0.00904915   0.119245
3  1  0.899278  0.181881   0.00348922   0.0191725   0.417979   0.0105728   0.107308
3  2  6.55406  0.1837   0.00616987   0.000559017   0.363   0.0122951   0.116541
3  3  50.0893  0.187   0.0002618   0.00690535   0.308   0.00162243   0.0573762
4  0  0.282966  0.175048   0.00611584   0.036863   0.421724   0.0139459   0.152079
4  1  3.23308  0.1826   0.00567857   0.00559887   0.418   0.0129593   0.0691259
4  2  23.8744  0.183697   0.00660299   0.000491101   0.363   0.00661217   0.0814531
4  3  178.454  0.185843   0.00419897   0.00550117   0.307995   0.0121854   0.0814549
5  0  0.175922  0.174734   0.00507261   0.042193   0.422224   0.00964808   0.122522
5  1  1.9845  0.182597   0.00351906   0.0365482   0.418   0.00852956   0.0805746
5  2  14.631  0.1837   0.00647573   0.0291602   0.362999   0.00777308   0.0235209
5  3  103.867  0.187   0.000574531   0.0430664   0.308   0.00269609   0.168689
